1 Data/bryce_canyon_input.asc
nrows         600
ncols         600
xllcorner     0.000000
yllcorner     0.000000
cellsize      0.001667
NODATA_value  -32767
[rows 406 to 434 of 600, columns 402 to 468 of 600]
1920.69 1922.32 1939.31 1943.91 1952.37 1952.91 1963.11 1955.33 1975.26 1983.03 2002.34 2021.80 2071.67 2130.56 2131.90 2108.34 2089.85 2050.26 2002.25 1981.05 1976.25 1995.97 2017.85 2021.32 2004.57 1991.82 1986.56 1988.23 1992.60 1992.60 1989.19 1985.38 1984.28 1983.70 1980.29 1977.67 1975.79 1971.17 1962.39 1949.36 1936.61 1935.29 1934.77 1931.02 1935.13 1954.32 1957.03 1930.34 1920.88 1930.25 1960.56 1991.57 1986.49 1969.07 1954.41 1945.85 1950.60 1963.65 1990.85 2010.61 2007.68 1976.95 1948.48 1929.02 1915.92 1909.92 1912.88
1918.54 1917.86 1928.36 1924.76 1933.12 1950.79 1953.14 1946.63 1970.25 1951.47 1956.48 1978.00 2041.71 2095.19 2074.01 2030.51 2015.65 2008.45 1976.60 1966.77 1967.30 1972.92 1983.06 2008.69 2018.39 2000.07 1984.87 1981.12 1982.35 1983.38 1981.38 1978.31 1976.17 1978.74 1981.65 1977.43 1972.74 1969.24 1966.74 1955.63 1944.38 1934.14 1929.58 1927.73 1924.80 1931.44 1943.46 1939.79 1917.49 1921.07 1949.20 1983.82 1985.41 1958.31 1942.65 1936.98 1936.78 1942.87 1960.54 1987.81 2002.58 2005.97 1982.99 1941.88 1927.35 1925.56 1922.32
1917.30 1910.37 1912.62 1916.93 1933.22 1941.44 1931.58 1943.18 1939.81 1934.77 1955.26 1982.60 2028.06 2016.93 1995.18 1986.99 1975.74 1971.13 1964.01 1958.40 1963.19 1962.33 1965.99 1970.60 1995.30 2008.65 1999.46 1986.08 1976.76 1974.57 1973.90 1973.16 1972.26 1977.83 1974.80 1970.90 1966.76 1965.66 1966.14 1959.61 1955.34 1947.85 1939.59 1929.62 1919.36 1918.83 1922.26 1926.96 1915.35 1911.68 1937.36 1967.51 1978.21 1961.73 1940.91 1932.68 1927.59 1929.88 1939.42 1953.58 1970.18 1989.80 2004.81 1974.29 1942.98 1928.47 1918.00
1917.94 1906.09 1904.96 1915.71 1928.69 1922.85 1926.34 1927.62 1931.22 1952.14 1974.98 1999.24 2020.52 1997.03 1971.15 1967.40 1964.58 1957.85 1952.65 1955.50 1953.53 1953.28 1956.79 1956.45 1966.77 1979.64 1992.25 2001.20 1986.19 1972.78 1969.55 1969.46 1973.02 1971.07 1970.57 1968.10 1962.55 1958.87 1965.64 1965.53 1957.78 1953.68 1949.61 1940.07 1930.25 1921.80 1913.37 1909.59 1905.38 1906.70 1925.20 1948.46 1957.54 1963.74 1937.39 1926.69 1921.40 1920.44 1929.32 1938.87 1947.99 1962.98 1993.26 1991.54 1955.44 1933.72 1921.12
1912.14 1900.11 1901.11 1911.52 1912.63 1912.65 1917.64 1921.96 1938.66 1954.61 1987.26 2033.23 2048.85 2015.91 1987.00 1960.74 1954.11 1950.16 1944.77 1950.90 1943.52 1944.68 1945.21 1944.74 1945.80 1947.50 1958.15 1974.57 1982.13 1978.70 1964.42 1963.50 1970.61 1969.94 1965.24 1958.46 1954.13 1953.06 1955.81 1955.11 1950.60 1948.25 1944.11 1941.07 1939.32 1933.92 1923.05 1918.89 1908.80 1903.41 1917.19 1930.34 1934.00 1944.24 1930.83 1919.14 1914.47 1917.28 1925.64 1931.79 1934.48 1946.45 1975.90 1991.17 1968.02 1938.97 1924.40
1905.70 1897.59 1897.34 1898.98 1902.76 1909.24 1915.50 1926.01 1939.71 1953.42 1970.69 2000.64 2030.44 1996.31 1970.83 1960.60 1949.63 1941.68 1939.88 1939.44 1934.34 1936.62 1935.52 1935.32 1933.16 1935.84 1938.86 1944.33 1949.83 1959.16 1967.36 1961.83 1956.55 1958.27 1961.93 1961.27 1954.62 1945.34 1944.57 1943.49 1939.05 1934.09 1931.53 1932.88 1939.06 1940.45 1937.14 1925.14 1911.97 1901.42 1901.09 1907.39 1932.54 1937.27 1920.76 1916.07 1907.48 1913.42 1918.89 1920.83 1926.91 1940.64 1969.17 1979.91 1975.45 1948.05 1931.81
1902.49 1892.17 1893.90 1895.41 1904.24 1909.20 1914.77 1926.42 1939.37 1946.45 1955.54 1976.63 1996.13 1982.02 1968.66 1953.51 1945.36 1937.32 1932.50 1928.75 1925.67 1927.12 1928.36 1927.73 1927.50 1937.16 1943.40 1947.90 1948.79 1959.28 1980.45 1981.16 1962.73 1955.91 1951.31 1950.68 1947.77 1939.19 1935.16 1933.91 1927.52 1923.27 1921.25 1925.51 1933.95 1939.59 1942.71 1934.49 1922.67 1914.72 1905.37 1894.32 1909.47 1914.26 1905.21 1906.88 1902.52 1904.40 1908.68 1915.64 1925.32 1934.49 1953.36 1965.74 1972.21 1952.39 1932.25
1899.23 1887.68 1891.55 1898.59 1902.68 1910.33 1922.18 1930.27 1943.25 1954.89 1960.51 1968.11 1966.09 1957.84 1958.19 1952.94 1942.67 1934.11 1926.17 1923.74 1920.36 1920.61 1921.11 1918.52 1924.56 1937.08 1948.88 1958.64 1957.51 1965.58 1994.57 2005.94 1988.81 1983.45 1974.73 1963.10 1951.87 1945.19 1940.47 1934.80 1927.46 1921.99 1916.74 1924.30 1932.75 1935.00 1938.49 1933.03 1928.67 1924.91 1914.59 1900.61 1889.20 1887.21 1887.05 1896.91 1895.42 1898.87 1910.23 1916.21 1917.43 1924.17 1932.19 1944.64 1962.31 1951.78 1924.08
1883.30 1883.85 1889.39 1902.62 1913.51 1919.07 1931.77 1943.52 1938.65 1936.56 1939.76 1942.23 1948.05 1945.44 1942.60 1944.40 1944.15 1935.14 1925.19 1917.90 1913.99 1914.53 1915.39 1921.18 1926.34 1933.43 1944.83 1954.53 1966.38 1971.62 1982.06 1993.90 1996.05 1990.94 1995.32 1984.03 1970.83 1959.98 1951.19 1946.09 1932.83 1922.57 1915.43 1918.36 1927.65 1927.35 1934.05 1927.99 1920.94 1912.85 1914.46 1914.58 1913.86 1895.65 1881.65 1889.63 1891.31 1896.46 1906.01 1905.71 1907.63 1919.28 1932.69 1936.09 1938.24 1942.19 1921.30
1877.67 1880.87 1895.06 1904.61 1907.56 1917.17 1930.78 1933.06 1926.26 1923.62 1926.02 1931.13 1942.10 1936.18 1929.43 1932.22 1930.09 1923.92 1914.21 1910.15 1909.44 1913.75 1917.54 1924.30 1929.54 1937.64 1945.33 1953.99 1968.22 1982.97 1983.25 1981.84 1982.31 1972.96 1969.15 1966.43 1960.05 1949.46 1939.31 1934.69 1930.10 1921.54 1915.85 1912.93 1911.01 1908.54 1924.62 1926.22 1917.08 1904.29 1904.51 1912.56 1932.23 1926.79 1903.46 1886.85 1879.88 1892.16 1896.47 1898.68 1907.45 1917.37 1925.45 1929.76 1930.43 1924.88 1910.28
1875.66 1880.15 1888.24 1891.97 1900.54 1911.40 1918.55 1922.86 1913.64 1914.57 1923.29 1935.86 1941.02 1928.21 1922.95 1921.39 1919.01 1911.45 1904.24 1912.08 1916.60 1921.95 1931.81 1936.86 1940.36 1945.34 1950.88 1960.78 1981.43 1991.24 1982.81 1974.70 1967.06 1962.77 1958.30 1952.98 1944.77 1937.04 1935.53 1934.19 1928.92 1923.80 1924.46 1923.55 1921.39 1911.64 1907.62 1905.20 1899.12 1893.77 1890.59 1902.64 1908.63 1914.33 1910.54 1908.49 1883.16 1883.17 1897.16 1905.27 1908.47 1911.39 1912.56 1918.59 1928.91 1933.91 1903.89
1871.68 1876.13 1883.19 1891.51 1903.19 1911.07 1913.65 1913.32 1904.73 1914.67 1924.82 1932.80 1931.47 1919.21 1917.15 1912.29 1908.42 1901.19 1905.22 1920.62 1931.94 1941.76 1946.47 1942.48 1940.98 1946.96 1956.39 1970.95 1983.94 1981.16 1972.80 1965.37 1957.80 1953.11 1948.93 1944.32 1939.47 1940.43 1944.78 1937.89 1928.42 1927.29 1942.67 1952.23 1942.41 1930.07 1919.66 1921.11 1918.32 1909.03 1898.09 1891.46 1889.55 1893.29 1898.97 1909.37 1896.26 1875.77 1893.42 1902.08 1903.52 1904.86 1914.23 1926.81 1935.06 1926.00 1901.66
1869.09 1879.82 1893.52 1902.37 1908.59 1904.93 1902.88 1899.93 1909.55 1922.33 1926.24 1920.26 1920.67 1912.77 1905.83 1903.81 1899.10 1896.64 1907.94 1920.33 1928.34 1940.26 1938.16 1934.41 1943.43 1952.59 1966.22 1979.26 1975.43 1967.91 1962.06 1954.45 1949.97 1946.30 1946.92 1946.07 1945.83 1946.86 1940.74 1934.81 1933.19 1936.52 1944.12 1959.62 1964.14 1957.62 1959.38 1958.74 1947.70 1929.48 1910.76 1898.55 1885.70 1879.27 1881.81 1889.66 1898.67 1878.82 1886.47 1895.78 1894.11 1909.72 1927.06 1939.37 1939.70 1920.56 1900.60
1874.06 1882.80 1890.00 1899.80 1904.51 1894.29 1892.35 1901.66 1912.76 1921.10 1913.55 1907.39 1908.37 1902.35 1896.36 1892.41 1890.24 1898.57 1909.11 1918.77 1921.87 1924.94 1925.63 1935.11 1945.91 1952.50 1968.26 1973.98 1969.74 1967.03 1962.45 1958.29 1958.14 1957.70 1959.09 1956.48 1948.92 1944.10 1941.14 1939.80 1941.07 1939.68 1938.57 1939.28 1944.90 1940.34 1946.07 1946.24 1936.70 1916.75 1901.60 1889.79 1893.00 1901.00 1901.50 1887.45 1878.30 1876.39 1872.94 1885.77 1898.81 1911.01 1923.81 1941.36 1951.29 1926.94 1898.79
1872.40 1877.36 1887.58 1897.20 1898.50 1886.90 1890.16 1898.98 1907.78 1912.66 1900.83 1897.36 1895.15 1890.39 1886.26 1890.48 1904.93 1912.12 1912.45 1915.04 1917.70 1923.78 1934.77 1944.39 1960.01 1969.00 1974.23 1975.46 1975.52 1972.86 1969.37 1969.35 1965.36 1965.94 1961.22 1955.37 1948.20 1939.91 1936.92 1935.41 1933.40 1927.19 1925.20 1927.92 1929.25 1925.35 1925.27 1917.65 1910.33 1901.44 1894.57 1893.22 1909.75 1916.83 1904.83 1892.50 1884.21 1872.53 1859.83 1879.98 1912.60 1903.66 1912.86 1936.16 1949.99 1937.56 1891.45
1873.34 1883.78 1890.01 1895.19 1891.80 1881.30 1888.05 1896.19 1909.67 1907.70 1894.44 1888.01 1883.41 1881.05 1883.10 1892.84 1904.17 1906.50 1906.87 1914.74 1926.19 1937.52 1944.58 1947.88 1952.83 1964.84 1978.69 1982.47 1982.81 1976.91 1973.81 1969.67 1962.52 1957.96 1952.86 1945.83 1941.73 1936.66 1930.54 1926.52 1920.06 1916.59 1917.35 1916.48 1913.46 1912.09 1910.24 1904.32 1899.10 1901.04 1904.09 1907.21 1919.56 1914.96 1902.62 1901.97 1894.01 1871.30 1860.23 1859.26 1873.75 1871.37 1883.04 1917.40 1925.00 1935.70 1871.53
1872.66 1876.00 1880.32 1887.88 1885.83 1874.89 1879.46 1889.48 1902.43 1904.12 1889.62 1878.49 1875.37 1881.48 1893.25 1902.86 1900.85 1903.26 1910.57 1917.92 1926.14 1930.67 1932.66 1940.00 1955.16 1969.16 1981.54 1987.64 1986.33 1978.50 1974.73 1965.67 1957.33 1954.09 1952.60 1950.69 1945.97 1941.18 1934.60 1924.54 1914.96 1911.24 1911.88 1911.18 1912.04 1909.40 1908.94 1907.99 1910.10 1914.31 1910.69 1915.31 1926.06 1919.70 1919.82 1911.45 1896.06 1892.21 1885.40 1875.74 1859.33 1853.67 1854.36 1866.40 1871.85 1876.34 1841.18
1861.74 1867.80 1878.17 1882.48 1875.95 1869.93 1876.71 1890.40 1901.91 1897.43 1888.26 1877.35 1874.85 1887.54 1894.77 1899.47 1903.30 1910.20 1914.59 1919.36 1926.16 1929.49 1932.01 1944.84 1956.80 1976.73 1995.67 1993.22 1986.91 1977.15 1969.89 1964.53 1967.11 1968.08 1964.69 1957.92 1946.95 1941.03 1934.02 1926.24 1918.85 1917.44 1922.63 1924.27 1924.28 1919.95 1914.39 1917.29 1920.02 1920.68 1923.00 1922.88 1932.85 1936.30 1935.58 1918.30 1923.27 1922.49 1895.14 1867.54 1861.29 1856.78 1852.01 1853.72 1852.24 1851.73 1859.84
1859.63 1871.49 1882.01 1876.65 1866.75 1866.57 1879.48 1890.26 1890.80 1890.39 1879.96 1868.83 1875.88 1883.84 1888.35 1897.25 1907.01 1917.68 1928.39 1930.36 1937.67 1944.54 1951.10 1954.47 1968.24 1996.96 2001.75 1993.23 1985.56 1980.69 1980.06 1978.30 1976.06 1971.86 1963.98 1953.85 1947.36 1943.01 1936.76 1925.64 1922.83 1929.00 1934.15 1936.19 1932.02 1926.66 1922.58 1926.11 1927.79 1927.94 1933.11 1935.73 1940.15 1939.76 1935.31 1937.37 1939.35 1918.46 1886.83 1868.05 1871.66 1859.87 1856.31 1865.85 1864.95 1864.34 1857.13
1865.63 1876.27 1879.96 1875.19 1864.04 1860.57 1877.23 1880.53 1873.91 1871.16 1865.98 1872.51 1881.65 1887.00 1891.95 1899.27 1902.60 1909.33 1925.68 1934.67 1939.98 1945.50 1960.47 1971.89 1989.50 2007.37 2005.40 2001.44 1995.88 1992.74 1986.55 1979.57 1972.91 1967.30 1961.93 1958.02 1953.85 1949.33 1938.93 1928.37 1932.37 1939.34 1940.43 1939.33 1935.51 1934.87 1933.53 1938.51 1937.91 1935.91 1938.09 1942.77 1941.35 1926.00 1914.84 1932.90 1919.14 1883.15 1873.28 1879.46 1872.71 1860.69 1863.57 1865.78 1872.54 1875.51 1864.57
1867.81 1867.04 1865.38 1867.31 1859.75 1854.28 1863.64 1861.52 1860.24 1863.52 1873.85 1885.87 1897.49 1910.88 1913.11 1918.55 1915.88 1910.93 1913.71 1925.72 1928.22 1936.95 1958.44 1987.29 2009.13 2010.74 2011.70 2007.37 2002.11 1996.66 1986.71 1978.07 1975.02 1970.78 1964.17 1960.36 1955.26 1948.40 1939.69 1936.54 1941.17 1948.30 1949.04 1945.48 1944.47 1945.85 1945.37 1951.60 1950.75 1945.53 1943.19 1947.92 1941.52 1913.93 1894.66 1893.22 1886.05 1884.11 1892.49 1888.29 1872.83 1864.45 1875.48 1880.90 1888.25 1890.48 1877.29
1859.26 1851.50 1851.64 1855.78 1856.80 1848.70 1851.39 1856.68 1873.03 1885.90 1883.62 1885.76 1902.24 1919.50 1934.45 1938.49 1940.81 1938.36 1925.68 1929.60 1938.33 1940.72 1960.02 1984.87 2002.17 2001.84 2003.96 2008.75 2005.83 1997.70 1991.95 1987.89 1983.41 1976.10 1967.08 1960.10 1955.24 1953.38 1950.21 1946.91 1949.75 1956.13 1958.28 1957.53 1957.20 1954.49 1957.73 1961.17 1954.32 1945.83 1947.17 1945.00 1924.18 1906.06 1922.47 1928.10 1908.49 1913.05 1911.39 1883.76 1868.37 1872.95 1914.05 1909.94 1904.69 1910.57 1905.48
1844.87 1840.18 1841.31 1845.88 1845.57 1842.54 1854.52 1878.32 1884.59 1893.99 1902.62 1900.28 1901.76 1912.03 1922.06 1929.46 1941.63 1954.13 1946.12 1935.52 1953.09 1973.72 1976.80 1994.19 1999.02 1996.65 2004.31 2011.96 2015.29 2008.66 2000.71 1992.11 1982.90 1976.03 1969.68 1967.26 1965.63 1965.23 1960.06 1955.78 1959.99 1965.60 1967.53 1964.30 1964.33 1963.07 1961.64 1960.20 1949.72 1944.31 1933.51 1918.01 1917.50 1927.43 1943.44 1957.35 1952.89 1950.42 1908.20 1876.23 1886.21 1924.49 1973.36 1959.95 1956.65 1944.39 1925.71
1834.30 1833.62 1836.43 1838.74 1839.48 1843.62 1852.50 1873.62 1896.07 1902.79 1911.59 1915.24 1914.08 1916.23 1922.01 1926.61 1938.61 1958.32 1966.96 1965.05 1979.94 2003.50 2003.19 1998.40 1992.82 1996.41 2005.29 2011.47 2017.63 2017.29 2006.40 1994.72 1984.74 1977.26 1976.61 1976.53 1975.74 1974.15 1968.84 1967.75 1972.66 1974.71 1969.17 1959.99 1955.09 1952.22 1951.13 1947.73 1936.97 1929.20 1922.82 1932.01 1938.41 1946.73 1956.85 1975.42 1972.08 1926.93 1891.45 1891.78 1931.50 1984.37 1989.89 1990.55 1985.30 1953.97 1932.96
1829.23 1831.60 1832.34 1835.85 1842.12 1847.88 1854.99 1866.23 1887.00 1901.44 1901.67 1907.72 1922.42 1932.36 1940.95 1946.37 1948.56 1963.74 1966.27 1972.29 1989.23 2001.31 1998.95 1990.14 1987.40 1996.17 2003.72 2008.42 2010.55 2013.77 2004.73 1993.31 1986.87 1984.40 1987.26 1988.92 1988.60 1987.27 1983.62 1980.34 1978.01 1970.18 1962.84 1954.63 1942.62 1938.71 1936.29 1935.71 1934.40 1934.14 1942.60 1954.30 1954.90 1964.19 1973.04 1983.20 1948.83 1899.51 1890.41 1903.61 1945.67 1995.10 2003.47 2001.91 2008.65 1981.08 1955.88
1827.64 1829.19 1832.33 1839.19 1847.74 1856.73 1865.42 1867.56 1873.90 1882.35 1892.48 1911.72 1928.05 1934.09 1940.40 1951.67 1951.67 1954.99 1960.96 1973.90 1984.95 1990.06 1987.40 1983.37 1985.61 1995.45 1998.64 2000.66 2003.12 2008.37 2007.12 2000.89 1996.70 1995.87 2000.56 2001.22 1995.99 1991.79 1986.37 1981.21 1975.33 1965.12 1957.37 1952.65 1948.24 1944.25 1940.72 1950.25 1953.59 1945.20 1952.39 1966.41 1969.76 1978.50 1988.33 1981.56 1922.67 1890.63 1899.60 1914.56 1921.08 1980.00 2025.29 2015.22 2031.54 2027.39 1984.26
1829.73 1833.93 1837.73 1841.18 1853.72 1862.30 1871.17 1884.04 1883.18 1893.81 1904.98 1909.09 1918.92 1926.29 1934.27 1940.22 1945.08 1948.61 1953.02 1968.90 1985.61 1983.32 1978.17 1975.99 1979.44 1989.49 1994.59 1998.50 2003.75 2010.35 2017.47 2013.75 2009.05 2009.09 2006.70 1999.58 1994.22 1990.42 1982.92 1974.71 1969.38 1964.68 1963.47 1961.01 1952.00 1943.66 1951.55 1958.26 1961.93 1952.47 1963.99 1970.75 1982.33 1995.55 1988.11 1945.30 1912.37 1902.74 1904.78 1913.53 1919.99 1971.97 2033.30 2014.03 2023.06 2038.39 1996.47
1833.12 1840.28 1849.65 1857.22 1863.24 1867.48 1871.99 1881.39 1877.96 1890.21 1909.47 1912.12 1914.89 1922.07 1932.58 1933.23 1939.77 1948.87 1965.78 1979.76 1982.64 1977.98 1969.80 1971.63 1982.34 1989.24 1991.72 1998.28 2007.39 2015.41 2022.79 2026.73 2023.09 2018.10 2010.07 2002.50 1996.20 1991.71 1980.88 1973.04 1972.80 1974.39 1970.38 1962.93 1954.11 1954.04 1964.92 1970.21 1969.97 1973.19 1975.17 1986.76 1997.92 1977.82 1947.20 1914.88 1933.63 1924.78 1913.91 1917.36 1931.86 1938.66 1969.64 1975.90 2035.03 2044.43 1998.20
1831.88 1840.50 1848.08 1856.37 1858.31 1856.54 1859.20 1862.40 1867.83 1875.22 1889.99 1908.40 1919.75 1930.06 1928.90 1931.23 1945.77 1959.83 1981.05 1978.18 1971.14 1965.58 1966.77 1976.22 1990.14 1995.88 1998.13 2000.73 2007.41 2013.91 2020.48 2027.61 2027.55 2018.38 2009.50 2001.26 1988.19 1983.08 1980.73 1985.36 1988.04 1980.40 1969.07 1959.65 1957.19 1965.45 1985.16 1983.55 1982.21 1992.00 1994.37 2004.66 1991.27 1943.76 1926.68 1939.63 1954.08 1928.55 1932.29 1928.52 1970.60 2000.21 1971.86 2022.73 2067.78 2051.82 1992.49
