1 Data/bryce_canyon_input.asc
nrows         600
ncols         600
xllcorner     0.000000
yllcorner     0.000000
cellsize      0.001667
NODATA_value  -32767
[rows 0 to 28 of 600, columns 335 to 401 of 600]
2172.18 2147.58 2132.24 2150.53 2184.27 2184.34 2163.28 2143.01 2165.36 2153.68 2135.02 2116.08 2105.35 2096.88 2074.94 2052.96 2056.22 2059.05 2070.04 2073.53 2069.30 2059.09 2048.04 2034.84 2021.82 2014.76 2005.39 1999.29 1992.57 1981.87 1971.64 1966.70 1959.59 1949.88 1941.84 1940.36 1939.80 1940.04 1939.22 1939.58 1940.44 1938.61 1938.16 1947.38 1967.93 1978.05 1985.46 1992.10 1999.27 2003.72 2011.13 2015.61 2021.65 2028.86 2039.81 2050.36 2063.52 2071.01 2096.33 2163.64 2216.18 2214.82 2218.52 2207.16 2186.15 2207.66 2211.97
2167.37 2148.39 2127.40 2155.72 2183.66 2169.33 2138.29 2136.49 2165.83 2160.82 2144.24 2127.72 2117.44 2100.94 2081.75 2061.81 2050.68 2040.91 2037.76 2049.57 2054.27 2046.99 2036.33 2027.17 2016.72 2006.18 1998.36 1988.67 1983.21 1976.70 1969.30 1962.59 1952.31 1943.80 1941.95 1940.54 1940.31 1941.71 1939.34 1939.46 1940.55 1938.96 1939.02 1953.65 1973.04 1982.03 1988.79 1996.20 2004.31 2010.48 2016.90 2024.22 2029.85 2035.02 2044.90 2055.49 2073.44 2085.49 2097.33 2139.25 2160.00 2157.19 2164.93 2172.64 2197.08 2220.58 2202.49
2147.75 2150.57 2123.22 2127.38 2161.55 2172.98 2147.36 2118.75 2136.23 2154.03 2147.56 2135.40 2131.60 2119.39 2093.08 2084.59 2093.40 2076.63 2045.29 2027.92 2024.66 2028.77 2031.65 2027.61 2016.55 2004.66 1996.29 1986.84 1978.93 1970.25 1965.12 1958.88 1946.52 1942.09 1942.68 1942.58 1942.55 1942.06 1941.98 1942.18 1940.29 1939.09 1942.71 1962.93 1977.40 1986.55 1993.60 2000.06 2007.93 2015.69 2022.63 2030.51 2037.30 2044.31 2046.97 2053.27 2071.49 2099.58 2118.55 2128.12 2147.96 2157.47 2175.91 2195.64 2207.10 2207.44 2178.03
2134.69 2136.55 2130.90 2106.88 2116.69 2141.95 2152.86 2130.09 2099.84 2112.92 2127.25 2124.86 2109.71 2103.51 2089.49 2087.63 2099.37 2086.85 2059.46 2041.54 2029.44 2014.73 2009.51 2012.16 2015.78 2008.88 1996.79 1984.42 1976.32 1968.68 1962.57 1955.89 1947.12 1943.51 1942.28 1943.18 1943.45 1943.21 1941.74 1941.39 1941.41 1941.59 1952.22 1971.47 1978.76 1984.70 1992.28 1998.80 2006.64 2013.59 2022.07 2028.14 2039.78 2047.85 2053.51 2059.78 2069.45 2091.03 2110.11 2120.01 2133.83 2154.62 2177.79 2169.59 2156.73 2163.58 2155.93
2148.18 2122.68 2114.24 2106.56 2096.04 2095.65 2107.87 2122.25 2092.55 2076.44 2088.17 2112.50 2094.11 2086.64 2075.35 2062.68 2064.28 2067.45 2052.94 2043.96 2037.58 2026.62 2014.49 2002.72 1998.52 1997.58 1992.87 1985.77 1978.13 1973.65 1968.04 1960.74 1947.94 1943.84 1942.50 1944.03 1943.55 1941.37 1940.23 1940.79 1943.80 1948.47 1955.50 1966.11 1974.07 1979.86 1987.75 1996.17 2008.01 2020.06 2032.63 2034.39 2038.97 2050.69 2064.26 2068.21 2072.44 2077.77 2085.45 2094.62 2103.23 2120.14 2138.60 2130.74 2136.55 2144.11 2150.19
2151.00 2142.00 2124.15 2106.04 2098.62 2097.89 2094.16 2088.30 2091.87 2082.65 2066.21 2083.24 2062.70 2056.70 2045.33 2044.27 2042.54 2043.66 2040.07 2030.66 2021.20 2017.09 2025.69 2020.68 2007.71 1990.48 1983.02 1980.25 1977.36 1972.34 1966.84 1958.74 1947.87 1943.98 1943.77 1943.41 1943.94 1941.71 1941.44 1943.24 1946.66 1953.23 1956.41 1964.42 1973.63 1977.55 1987.34 1995.02 1999.92 2009.85 2022.96 2038.78 2042.87 2050.55 2066.34 2078.88 2089.59 2095.29 2097.94 2102.12 2109.28 2114.50 2117.69 2134.34 2157.85 2159.16 2161.40
2151.17 2147.19 2146.99 2141.75 2135.70 2140.02 2134.11 2121.47 2124.60 2114.17 2071.78 2061.53 2058.04 2047.94 2037.01 2028.96 2023.03 2027.68 2027.12 2021.80 2018.35 2006.03 2008.85 2017.48 2010.64 1994.47 1983.38 1978.56 1974.63 1970.42 1967.10 1953.10 1945.92 1944.83 1944.72 1942.73 1942.37 1943.72 1948.47 1951.58 1956.34 1963.75 1965.50 1963.51 1968.98 1974.17 1985.66 1998.44 2007.00 2013.82 2027.39 2035.98 2050.83 2058.39 2060.61 2069.35 2081.69 2092.72 2098.55 2103.83 2113.66 2122.38 2128.90 2137.43 2147.13 2153.82 2165.12
2148.00 2141.03 2138.23 2148.95 2147.87 2144.27 2134.59 2124.34 2115.59 2114.40 2106.63 2102.17 2097.75 2080.45 2066.21 2047.50 2026.93 2015.32 2009.91 2009.11 2011.97 2007.11 1994.81 1995.13 1996.35 1987.09 1979.61 1975.05 1970.84 1968.51 1963.80 1954.11 1947.92 1944.43 1944.25 1945.25 1944.64 1947.34 1952.95 1956.68 1960.10 1966.97 1972.80 1972.29 1974.77 1975.69 1979.42 1993.95 2009.43 2017.44 2024.73 2040.84 2055.09 2063.99 2075.05 2078.10 2084.65 2091.96 2098.33 2102.64 2113.15 2127.04 2136.98 2144.64 2150.89 2157.04 2162.67
2157.53 2147.67 2135.16 2127.22 2137.48 2137.19 2130.83 2124.51 2110.38 2098.13 2101.34 2096.53 2084.43 2073.33 2064.44 2050.88 2036.91 2022.58 2010.81 2005.41 1999.14 1999.55 2001.23 1993.03 1984.90 1980.71 1974.83 1969.91 1968.46 1966.37 1960.66 1957.26 1951.66 1947.06 1944.20 1945.63 1947.80 1952.63 1959.16 1962.23 1961.71 1965.77 1970.92 1976.31 1981.64 1988.01 1985.65 1988.00 2001.36 2016.77 2026.08 2036.05 2050.85 2065.14 2075.85 2083.97 2090.12 2099.55 2107.61 2116.00 2119.35 2122.29 2132.55 2145.69 2157.67 2168.45 2174.35
2164.18 2156.99 2146.87 2127.61 2135.62 2134.47 2126.89 2121.60 2117.46 2100.76 2083.84 2084.38 2080.58 2061.82 2059.31 2049.47 2034.75 2024.58 2010.65 2005.08 2003.11 1994.52 1989.99 1985.54 1982.46 1979.40 1974.91 1970.43 1964.73 1959.41 1957.95 1955.25 1951.34 1946.25 1946.32 1950.16 1953.21 1957.52 1959.96 1965.22 1969.53 1970.18 1971.58 1978.71 1982.21 1989.64 1993.70 1992.74 1997.20 2010.80 2024.80 2037.80 2048.41 2056.00 2064.87 2074.14 2082.78 2092.84 2105.00 2118.29 2130.03 2131.76 2136.76 2142.17 2152.35 2167.35 2177.83
2150.70 2145.55 2133.54 2117.38 2133.97 2133.43 2124.02 2118.16 2115.79 2100.62 2088.19 2072.40 2059.90 2049.16 2048.26 2038.88 2023.00 2013.54 2003.72 1993.87 1993.30 1994.33 1988.30 1982.25 1976.90 1974.69 1973.32 1968.40 1959.63 1952.13 1950.93 1949.71 1948.07 1947.47 1949.68 1954.59 1959.49 1962.10 1963.40 1964.03 1968.30 1972.91 1974.29 1978.84 1983.33 1986.56 1991.93 2001.12 2007.80 2008.85 2014.69 2028.40 2046.70 2059.45 2069.61 2082.55 2087.09 2091.24 2100.18 2110.83 2122.40 2132.89 2143.08 2151.81 2157.50 2163.75 2170.75
2120.37 2138.29 2132.64 2107.42 2103.13 2105.24 2097.12 2099.69 2109.36 2093.55 2087.05 2084.46 2066.93 2048.35 2033.14 2028.89 2017.14 2007.09 2000.59 1991.49 1982.40 1983.34 1986.40 1982.16 1977.71 1971.23 1967.72 1962.17 1953.67 1949.08 1948.34 1948.40 1950.13 1951.65 1954.59 1958.73 1961.99 1965.06 1968.72 1969.98 1973.09 1975.96 1977.32 1981.38 1983.59 1987.56 1993.67 2001.23 2010.02 2014.48 2018.05 2021.32 2031.49 2043.09 2058.14 2073.22 2076.65 2085.62 2097.46 2111.29 2125.81 2136.65 2146.06 2157.21 2166.86 2173.97 2179.33
2085.00 2093.78 2108.87 2113.94 2103.64 2096.06 2086.98 2071.42 2085.72 2078.25 2068.04 2073.68 2064.11 2050.07 2037.01 2023.47 2015.71 2004.27 1994.95 1989.16 1982.53 1975.37 1976.72 1975.36 1970.67 1966.43 1962.10 1959.76 1954.76 1950.36 1952.15 1954.64 1956.22 1956.18 1959.07 1961.48 1963.87 1967.23 1970.74 1973.20 1976.68 1980.43 1982.30 1984.82 1989.45 1992.71 1995.48 1999.60 2005.10 2011.44 2019.11 2024.78 2030.89 2036.62 2045.60 2056.22 2065.88 2079.44 2094.90 2104.87 2118.08 2122.72 2128.53 2147.16 2153.21 2164.39 2177.64
2068.62 2061.38 2068.22 2069.54 2077.99 2101.33 2099.42 2060.54 2061.97 2061.50 2056.05 2062.83 2048.47 2038.75 2025.66 2018.51 2016.18 2001.01 1990.37 1985.93 1980.40 1973.70 1967.45 1962.95 1958.33 1957.01 1957.69 1953.27 1952.19 1952.86 1957.83 1959.58 1960.11 1959.33 1961.07 1964.82 1968.04 1969.86 1973.57 1976.99 1979.80 1983.10 1987.17 1986.61 1991.12 1996.27 1998.93 2002.84 2005.19 2010.66 2018.52 2025.65 2030.40 2036.72 2042.62 2048.74 2057.42 2066.61 2075.31 2086.28 2094.06 2097.93 2113.71 2130.18 2150.66 2161.93 2164.58
2056.28 2046.79 2054.72 2051.26 2043.90 2057.79 2084.46 2075.93 2058.38 2042.28 2042.15 2055.33 2036.94 2024.72 2016.05 2006.97 1998.44 1990.76 1981.71 1975.22 1973.28 1968.31 1961.92 1957.43 1955.49 1953.52 1952.57 1951.74 1954.96 1958.41 1960.68 1963.14 1963.11 1963.44 1964.49 1969.48 1971.49 1974.05 1976.75 1978.77 1981.15 1984.28 1989.39 1993.44 1996.49 1997.34 2001.76 2006.11 2010.40 2013.31 2017.80 2023.49 2028.31 2034.23 2041.24 2051.84 2058.07 2066.20 2074.15 2081.25 2088.08 2092.21 2112.55 2130.68 2141.52 2141.36 2149.43
2048.40 2034.43 2040.33 2049.36 2046.83 2033.61 2051.39 2054.99 2042.72 2032.29 2027.71 2040.36 2031.33 2018.33 2008.54 2000.66 1992.72 1985.59 1977.56 1970.29 1965.49 1960.75 1956.50 1953.69 1952.12 1952.62 1952.35 1953.75 1959.57 1961.80 1962.21 1964.83 1967.00 1967.22 1968.63 1971.73 1974.79 1980.15 1981.97 1984.32 1986.65 1988.69 1993.46 1997.69 2001.54 2003.87 2006.04 2011.11 2014.72 2018.76 2022.81 2025.32 2028.91 2034.29 2037.89 2047.56 2062.52 2073.90 2084.50 2095.43 2101.41 2098.02 2108.78 2120.36 2124.19 2132.95 2143.16
2041.30 2028.63 2043.44 2068.15 2046.15 2025.87 2045.72 2043.08 2020.46 2015.70 2036.21 2036.84 2024.39 2014.90 2004.85 1995.10 1988.53 1982.28 1976.72 1970.85 1963.84 1957.83 1955.15 1953.16 1951.01 1951.62 1952.17 1955.64 1960.80 1963.81 1964.94 1966.50 1967.27 1970.65 1972.41 1973.32 1977.08 1980.99 1984.70 1988.36 1990.37 1991.95 1995.13 1999.53 2002.54 2007.26 2011.07 2014.33 2018.78 2021.74 2027.79 2031.34 2034.60 2039.55 2041.72 2043.69 2050.35 2060.40 2074.25 2084.61 2101.15 2106.91 2108.65 2117.65 2122.26 2128.96 2144.78
2051.48 2018.83 2022.63 2058.04 2044.90 2022.22 2049.75 2059.57 2035.52 2016.52 2041.50 2036.18 2020.59 2010.83 2001.76 1993.73 1986.58 1977.96 1972.12 1968.30 1960.10 1955.17 1953.75 1952.58 1953.63 1955.35 1956.38 1960.66 1963.74 1964.74 1966.88 1967.48 1969.75 1972.83 1975.64 1977.13 1980.23 1983.53 1986.90 1990.84 1994.04 1996.31 1998.97 2000.89 2005.58 2010.09 2013.64 2018.75 2023.27 2027.17 2030.71 2035.16 2040.40 2045.93 2048.34 2053.16 2055.52 2053.92 2058.45 2069.33 2085.08 2093.74 2098.31 2127.98 2146.79 2137.19 2141.77
2011.19 2012.69 2002.87 2003.78 2007.17 2009.65 2025.80 2035.24 2022.21 2013.60 2034.27 2027.43 2016.63 2004.02 1997.91 1992.18 1984.75 1976.27 1971.42 1965.84 1957.42 1954.43 1953.62 1954.04 1955.69 1958.70 1962.23 1964.10 1966.58 1967.13 1969.24 1970.38 1972.13 1974.71 1978.15 1978.26 1982.46 1985.23 1989.60 1993.33 1997.60 2000.14 2003.53 2006.30 2009.72 2012.31 2014.79 2020.46 2025.40 2030.62 2037.94 2040.59 2044.53 2049.00 2053.82 2057.62 2059.90 2061.98 2065.44 2067.55 2071.49 2081.22 2091.57 2119.69 2153.63 2158.36 2154.60
2035.55 2034.28 2011.88 1998.47 1991.37 1992.31 1996.27 2003.50 2000.47 2002.45 2007.75 2008.26 2006.40 1999.44 1992.13 1984.28 1979.27 1974.66 1970.90 1962.14 1955.74 1954.77 1955.79 1958.68 1958.95 1962.03 1964.06 1965.86 1968.40 1969.48 1969.90 1972.04 1972.68 1976.24 1979.99 1980.76 1983.45 1986.72 1990.39 1996.01 2000.91 2003.07 2007.62 2009.78 2012.83 2016.27 2020.12 2020.91 2027.31 2032.19 2038.78 2046.56 2051.65 2054.24 2058.84 2062.85 2066.58 2069.80 2074.01 2075.99 2077.68 2085.11 2102.58 2115.36 2134.40 2164.67 2179.60
2062.55 2050.76 2032.20 2010.35 1999.34 1992.95 1988.26 1988.61 1990.95 1992.22 1993.87 1993.27 1990.45 1988.46 1984.57 1980.27 1977.28 1974.97 1971.15 1961.11 1956.57 1957.51 1958.98 1960.86 1961.75 1962.92 1964.44 1965.92 1969.58 1972.66 1973.61 1975.55 1976.54 1978.16 1979.27 1982.70 1985.94 1988.22 1989.81 1994.98 2000.01 2005.66 2009.65 2012.64 2016.58 2021.14 2024.09 2026.17 2028.02 2031.38 2037.58 2045.72 2052.08 2057.28 2064.57 2069.89 2073.46 2075.60 2080.98 2083.15 2084.36 2092.29 2119.70 2147.60 2155.41 2164.19 2179.73
2065.05 2048.99 2033.94 2017.82 2006.03 1998.51 1992.06 1985.09 1984.64 1985.57 1985.77 1986.89 1985.84 1983.34 1982.30 1978.93 1977.07 1974.17 1970.02 1959.22 1957.96 1959.82 1962.15 1964.06 1964.77 1966.00 1967.12 1967.53 1974.10 1975.63 1976.52 1978.24 1979.69 1981.21 1983.28 1985.71 1987.77 1989.70 1992.73 1995.56 1997.35 2002.74 2010.01 2015.31 2019.17 2023.91 2027.43 2030.45 2034.49 2036.14 2039.18 2045.53 2051.43 2057.45 2065.87 2072.35 2078.98 2081.72 2085.32 2088.93 2092.97 2098.71 2131.27 2170.36 2154.07 2157.70 2185.60
2064.54 2049.27 2026.69 2014.03 2009.80 2011.28 2009.27 1994.34 1983.14 1980.17 1979.22 1977.90 1975.59 1974.44 1973.32 1970.46 1970.21 1970.05 1965.17 1957.79 1958.97 1962.33 1963.00 1965.52 1966.60 1970.01 1970.87 1972.84 1977.80 1979.91 1979.54 1981.16 1981.25 1984.57 1985.99 1987.57 1989.42 1991.74 1994.35 1997.71 1999.32 2001.56 2005.43 2012.43 2020.70 2024.83 2028.42 2033.04 2037.12 2041.40 2044.75 2048.27 2053.55 2058.77 2063.12 2069.66 2079.35 2086.50 2090.33 2095.30 2100.50 2104.44 2137.46 2155.02 2140.88 2152.40 2167.01
2037.45 2037.29 2032.49 2022.70 2021.46 2020.00 2014.59 2006.79 1996.33 1983.62 1978.52 1974.39 1971.25 1969.60 1967.80 1964.32 1961.60 1959.72 1958.49 1958.15 1958.53 1962.56 1964.47 1967.12 1968.85 1970.18 1972.53 1974.83 1977.47 1980.10 1982.94 1985.17 1984.14 1986.05 1989.89 1989.93 1991.55 1995.05 1996.71 1999.26 2000.90 2003.69 2007.02 2009.22 2016.31 2023.84 2028.05 2033.65 2037.27 2042.57 2046.41 2051.04 2055.64 2060.47 2064.44 2070.34 2075.76 2081.38 2088.35 2095.10 2101.90 2113.61 2128.66 2130.05 2131.15 2136.34 2140.16
2034.01 2026.34 2020.36 2017.92 2015.35 2011.21 2006.16 2003.68 1997.19 1992.71 1985.08 1978.92 1973.60 1969.26 1967.59 1965.46 1962.10 1960.65 1960.29 1958.51 1959.19 1965.77 1965.93 1967.95 1970.13 1971.53 1973.55 1974.40 1978.36 1980.46 1982.60 1987.46 1988.61 1989.63 1991.68 1992.63 1994.45 1997.23 2000.73 2001.33 2001.52 2006.58 2009.98 2010.60 2013.32 2018.15 2025.35 2031.09 2036.60 2042.28 2046.63 2052.07 2056.49 2061.42 2065.34 2070.90 2075.90 2082.50 2087.04 2092.52 2098.81 2105.34 2111.08 2115.36 2120.57 2129.24 2139.14
2034.71 2023.30 2014.49 2009.43 2006.76 2003.10 1999.93 1996.28 1991.95 1988.97 1986.43 1982.21 1978.33 1973.64 1969.57 1967.51 1964.04 1962.00 1959.59 1960.11 1962.88 1967.31 1968.51 1969.13 1971.68 1974.13 1976.27 1977.20 1977.97 1981.20 1983.71 1986.63 1988.89 1991.47 1993.83 1995.62 1997.48 1999.81 2002.59 2004.16 2007.10 2008.65 2010.33 2013.24 2015.85 2018.71 2021.26 2028.86 2035.98 2043.14 2048.35 2054.05 2059.62 2064.67 2070.18 2076.80 2084.28 2087.20 2092.19 2100.42 2106.93 2111.28 2114.95 2124.79 2134.19 2148.63 2170.99
2024.03 2017.74 2013.80 2008.30 2004.79 2001.86 1999.19 1995.54 1992.23 1987.53 1984.38 1981.39 1979.12 1976.30 1974.48 1973.21 1968.94 1963.33 1959.24 1960.77 1965.20 1967.63 1969.01 1972.18 1973.96 1975.81 1977.41 1981.85 1982.49 1983.57 1986.24 1988.80 1991.52 1991.39 1994.36 1998.69 1998.81 2001.58 2004.18 2008.50 2011.12 2011.38 2011.86 2016.00 2018.68 2021.62 2022.58 2026.26 2029.64 2037.61 2043.32 2050.76 2058.41 2061.32 2065.99 2073.78 2082.95 2087.46 2096.52 2102.73 2111.06 2117.95 2126.76 2139.24 2164.41 2187.06 2214.82
2024.55 2018.35 2012.89 2007.57 2002.71 1998.66 1994.80 1992.50 1991.35 1990.01 1988.76 1989.15 1986.87 1978.19 1973.65 1969.49 1964.98 1960.96 1960.15 1961.91 1965.93 1967.43 1971.05 1973.82 1975.04 1976.54 1979.29 1982.25 1983.90 1985.45 1987.69 1989.62 1992.47 1994.97 1996.92 2000.39 2002.67 2005.45 2006.60 2009.89 2013.38 2013.77 2016.23 2019.61 2020.62 2022.92 2025.20 2028.41 2031.91 2034.14 2035.35 2039.80 2044.56 2049.53 2056.53 2064.11 2069.04 2073.18 2081.63 2092.35 2107.50 2121.78 2135.08 2151.81 2172.87 2196.34 2210.96
2022.58 2016.15 2010.26 2003.78 1999.34 1998.23 2000.20 2007.81 2006.65 1998.64 1992.64 1991.87 1983.49 1975.40 1969.84 1964.01 1962.03 1963.59 1962.25 1961.88 1965.19 1967.68 1971.08 1973.26 1975.93 1977.04 1979.34 1981.57 1984.29 1986.85 1989.74 1993.54 1995.20 1995.88 1999.31 2002.28 2004.83 2007.10 2010.80 2010.73 2013.96 2016.96 2019.42 2022.88 2022.90 2024.31 2027.58 2030.65 2034.51 2037.34 2038.47 2039.75 2041.83 2043.90 2048.63 2052.77 2059.24 2065.94 2075.47 2082.13 2091.66 2107.21 2119.14 2135.20 2151.67 2170.55 2198.38
