1 Data/bryce_canyon_input.asc
nrows         600
ncols         600
xllcorner     0.000000
yllcorner     0.000000
cellsize      0.001667
NODATA_value  -32767
[rows 87 to 115 of 600, columns 469 to 535 of 600]
2637.59 2615.79 2605.87 2601.69 2582.85 2574.12 2611.45 2647.29 2687.48 2715.79 2704.24 2681.36 2655.41 2643.00 2639.01 2641.12 2629.41 2607.99 2599.31 2602.33 2607.99 2578.83 2554.55 2575.18 2596.08 2604.03 2613.53 2628.89 2600.10 2536.55 2482.44 2491.28 2515.59 2528.43 2558.21 2580.39 2600.25 2566.77 2537.25 2500.17 2512.13 2545.61 2571.53 2593.35 2612.78 2645.46 2664.08 2663.30 2683.21 2717.05 2722.92 2697.31 2638.07 2631.81 2630.16 2590.05 2543.26 2506.63 2503.95 2509.32 2511.12 2486.75 2466.24 2444.59 2426.13 2408.52 2393.19
2661.73 2628.54 2603.58 2582.38 2563.78 2592.99 2638.40 2654.62 2673.55 2693.83 2702.38 2680.57 2658.40 2652.65 2645.44 2628.44 2627.77 2640.12 2648.99 2654.78 2632.74 2582.67 2586.86 2626.75 2652.97 2664.72 2672.83 2645.03 2596.71 2559.88 2514.62 2478.96 2465.37 2474.48 2517.87 2574.17 2608.60 2570.35 2510.46 2487.92 2527.40 2570.73 2596.01 2621.75 2648.60 2641.11 2628.19 2647.16 2683.12 2699.08 2681.65 2663.92 2625.29 2588.30 2590.67 2578.69 2548.07 2515.30 2488.88 2472.61 2457.61 2447.74 2440.01 2433.41 2425.68 2411.58 2394.50
2671.45 2643.09 2613.42 2588.22 2563.70 2588.78 2632.79 2615.70 2645.37 2691.80 2718.09 2714.74 2696.89 2703.85 2703.37 2671.61 2674.57 2703.10 2683.99 2650.37 2618.98 2589.82 2625.07 2663.35 2673.88 2647.25 2627.02 2602.55 2567.13 2542.96 2535.74 2529.50 2495.16 2456.11 2489.35 2552.24 2576.25 2550.90 2494.72 2484.28 2541.39 2594.92 2626.21 2651.52 2639.27 2597.58 2603.01 2634.50 2674.40 2705.04 2686.92 2649.93 2605.14 2578.32 2563.97 2553.00 2530.43 2513.13 2494.40 2473.24 2465.79 2454.10 2434.71 2420.24 2410.43 2403.68 2391.90
2641.47 2626.68 2613.14 2600.91 2578.87 2560.24 2580.00 2590.35 2630.52 2658.87 2684.00 2711.42 2735.11 2728.07 2706.34 2698.80 2700.58 2712.26 2695.42 2653.83 2614.38 2616.46 2657.20 2685.12 2669.21 2631.19 2590.42 2571.21 2564.91 2572.74 2596.09 2583.71 2533.17 2473.56 2451.92 2491.42 2510.68 2485.53 2465.64 2504.21 2532.55 2558.07 2598.55 2612.45 2579.91 2562.84 2584.56 2616.48 2663.23 2659.01 2646.53 2641.75 2610.60 2609.67 2601.78 2579.05 2562.70 2524.88 2497.82 2485.54 2480.63 2465.57 2440.53 2426.30 2409.58 2396.63 2388.73
2690.71 2682.82 2656.47 2614.51 2591.64 2573.30 2555.87 2554.71 2578.78 2598.96 2637.09 2675.87 2711.24 2686.02 2666.29 2688.17 2678.85 2687.86 2680.46 2650.83 2642.65 2656.66 2682.04 2692.38 2654.09 2620.55 2612.47 2622.68 2623.44 2623.75 2630.82 2614.18 2557.62 2507.09 2461.77 2444.31 2446.71 2443.56 2466.17 2529.61 2553.68 2554.55 2559.35 2545.56 2544.61 2573.38 2602.85 2647.27 2643.34 2599.30 2594.20 2600.09 2576.98 2590.59 2582.68 2549.69 2538.56 2519.06 2488.70 2475.53 2469.25 2463.31 2436.73 2410.91 2400.79 2388.44 2379.36
2717.73 2683.03 2650.35 2632.92 2618.45 2609.48 2588.49 2561.82 2547.88 2564.83 2610.25 2648.78 2675.64 2645.51 2637.88 2650.22 2652.75 2686.24 2681.82 2672.41 2689.36 2706.76 2697.29 2686.08 2672.79 2655.19 2644.05 2641.76 2643.55 2634.06 2626.34 2608.64 2556.63 2516.55 2485.97 2462.38 2440.20 2433.40 2450.18 2489.93 2511.57 2509.62 2506.74 2528.71 2563.50 2584.47 2599.48 2633.47 2628.94 2580.96 2545.26 2549.75 2533.14 2532.33 2531.90 2522.06 2504.27 2497.34 2475.86 2461.21 2457.37 2459.07 2446.86 2425.19 2401.61 2382.13 2375.83
2713.96 2696.75 2689.85 2671.76 2658.37 2651.18 2619.57 2591.05 2556.61 2555.04 2601.09 2638.38 2642.01 2611.47 2612.16 2642.23 2679.37 2709.74 2708.61 2719.53 2724.27 2700.76 2667.27 2645.11 2647.23 2653.14 2633.02 2603.62 2591.23 2596.94 2574.21 2564.08 2528.77 2493.57 2475.23 2474.64 2477.27 2446.80 2429.16 2440.95 2451.28 2464.23 2487.41 2512.36 2521.64 2521.05 2539.36 2568.72 2575.53 2572.26 2530.20 2507.95 2505.68 2490.92 2484.69 2499.64 2489.37 2477.32 2465.90 2453.17 2449.34 2448.89 2452.51 2457.44 2426.96 2392.81 2373.48
2747.87 2759.49 2756.00 2715.81 2688.95 2657.70 2627.20 2631.07 2592.09 2549.50 2547.25 2580.86 2592.41 2613.69 2639.38 2662.52 2703.26 2699.95 2706.51 2731.14 2714.41 2682.67 2668.08 2646.65 2624.07 2620.32 2637.03 2618.26 2576.94 2555.24 2539.12 2508.08 2496.63 2489.19 2509.32 2532.35 2521.84 2474.92 2428.13 2421.25 2419.64 2424.31 2434.91 2456.49 2464.95 2469.77 2507.99 2514.61 2518.36 2509.27 2504.35 2483.34 2478.80 2474.10 2467.33 2477.31 2470.03 2464.68 2454.26 2445.17 2439.75 2439.96 2440.08 2456.15 2443.81 2402.48 2378.83
2767.01 2790.01 2796.16 2733.25 2677.59 2648.09 2667.54 2672.31 2631.16 2583.21 2536.16 2548.50 2602.61 2652.97 2676.52 2686.35 2693.71 2667.24 2669.58 2701.15 2704.82 2695.44 2673.58 2648.17 2629.69 2602.38 2614.06 2637.08 2613.43 2551.22 2516.26 2538.12 2551.52 2534.74 2550.56 2584.65 2548.97 2495.57 2449.36 2427.13 2421.48 2415.89 2411.43 2417.86 2429.87 2443.63 2456.12 2467.76 2466.85 2469.35 2472.40 2468.59 2459.79 2457.00 2457.05 2467.52 2453.13 2449.57 2440.26 2434.65 2430.96 2429.18 2428.13 2442.48 2447.17 2423.26 2397.38
2740.88 2753.74 2764.21 2721.87 2687.32 2679.31 2677.73 2659.12 2630.56 2596.44 2553.34 2534.79 2572.66 2628.75 2673.08 2676.79 2661.36 2641.54 2656.18 2697.19 2691.46 2667.33 2654.71 2647.75 2631.25 2601.23 2579.84 2587.08 2581.14 2544.74 2544.36 2599.63 2622.55 2584.83 2588.16 2606.30 2564.41 2521.64 2491.80 2459.96 2439.89 2433.77 2417.95 2406.09 2408.97 2409.02 2412.18 2436.23 2437.87 2439.42 2441.29 2442.77 2439.86 2436.52 2450.08 2459.15 2438.04 2426.87 2418.07 2420.70 2423.61 2420.26 2419.31 2427.05 2435.28 2427.09 2400.52
2711.58 2744.94 2774.80 2738.01 2716.87 2705.82 2701.59 2700.99 2675.48 2631.98 2583.03 2531.10 2538.97 2606.15 2647.28 2629.94 2616.09 2632.85 2659.39 2681.31 2689.56 2665.15 2641.88 2630.98 2628.28 2612.99 2592.55 2579.75 2571.43 2561.08 2571.38 2605.96 2647.41 2633.66 2613.58 2577.61 2540.38 2515.20 2491.53 2467.06 2451.54 2449.25 2437.92 2419.76 2407.78 2396.65 2397.01 2413.43 2418.81 2416.01 2414.16 2411.53 2421.78 2421.58 2443.79 2447.26 2436.25 2418.49 2400.07 2412.91 2426.54 2413.71 2409.89 2410.29 2416.17 2420.76 2398.14
2704.01 2753.86 2780.89 2736.11 2707.65 2725.47 2720.80 2702.26 2685.78 2648.35 2596.99 2535.97 2525.70 2561.42 2576.78 2581.31 2617.73 2668.39 2685.68 2685.72 2702.94 2691.41 2674.43 2672.86 2655.54 2630.56 2627.50 2647.17 2630.83 2619.67 2616.10 2641.37 2654.18 2632.48 2586.22 2552.57 2532.00 2518.84 2496.13 2474.58 2465.70 2455.81 2446.49 2435.21 2427.35 2411.27 2398.47 2396.38 2398.44 2401.58 2397.80 2397.22 2401.31 2405.94 2431.90 2435.18 2429.69 2418.37 2392.03 2401.90 2425.93 2417.07 2401.56 2399.89 2399.91 2405.04 2401.65
2701.04 2734.03 2716.89 2691.63 2668.59 2712.17 2693.61 2650.72 2660.74 2644.91 2583.99 2529.76 2517.23 2554.37 2590.21 2610.32 2634.02 2656.02 2689.96 2708.82 2724.50 2726.18 2710.15 2683.21 2661.30 2660.64 2673.94 2674.38 2664.56 2663.12 2653.53 2621.29 2630.49 2648.47 2623.91 2600.43 2597.99 2572.51 2524.16 2495.11 2480.37 2471.22 2457.15 2442.66 2429.86 2418.91 2411.53 2399.46 2390.57 2387.00 2384.66 2385.05 2388.31 2388.98 2404.53 2405.85 2410.34 2398.61 2384.74 2381.64 2410.20 2427.88 2408.93 2392.83 2388.52 2386.54 2389.46
2656.80 2663.72 2646.15 2638.30 2628.89 2649.98 2629.93 2599.52 2609.93 2644.55 2602.05 2535.75 2508.96 2540.85 2595.82 2637.46 2676.99 2691.97 2702.00 2724.19 2714.36 2697.08 2699.17 2696.06 2687.96 2671.01 2654.99 2634.08 2618.56 2650.43 2645.21 2591.49 2602.58 2656.38 2647.46 2596.60 2595.73 2583.49 2552.86 2529.83 2492.46 2471.32 2457.75 2442.67 2432.24 2423.58 2418.42 2411.61 2404.52 2399.21 2390.41 2379.35 2375.73 2375.62 2369.53 2366.96 2365.40 2368.05 2367.49 2368.67 2388.04 2418.50 2416.84 2395.57 2382.53 2377.25 2377.12
2634.61 2623.44 2614.00 2602.63 2592.77 2586.12 2571.78 2555.59 2563.45 2583.51 2588.57 2539.91 2503.62 2516.39 2555.20 2594.77 2645.01 2670.14 2678.13 2690.62 2699.43 2665.56 2662.37 2667.38 2657.02 2655.08 2621.72 2606.14 2589.60 2628.70 2627.30 2574.05 2574.74 2626.17 2623.40 2571.30 2550.10 2537.03 2539.49 2537.56 2501.19 2469.89 2445.83 2433.30 2428.87 2421.42 2418.15 2413.42 2405.32 2401.33 2395.80 2389.06 2377.02 2372.63 2367.64 2364.15 2354.86 2355.83 2356.07 2356.46 2365.28 2394.54 2406.23 2394.24 2378.06 2371.36 2369.39
2671.88 2683.28 2670.94 2641.79 2609.25 2585.95 2567.62 2559.20 2542.70 2535.60 2535.88 2519.71 2499.61 2505.67 2530.35 2560.89 2579.28 2596.49 2623.15 2670.71 2720.88 2685.02 2633.19 2620.21 2614.89 2621.69 2589.90 2569.29 2561.66 2578.62 2587.74 2560.25 2555.40 2591.53 2596.40 2565.56 2531.14 2506.88 2497.50 2493.34 2481.86 2463.24 2439.22 2430.06 2430.10 2422.85 2413.24 2410.56 2403.94 2400.07 2395.17 2390.13 2385.67 2381.43 2373.81 2366.81 2358.96 2354.25 2348.87 2349.86 2351.98 2366.47 2383.18 2383.70 2372.24 2367.44 2360.41
2715.30 2756.70 2735.15 2668.76 2630.01 2604.42 2607.73 2600.09 2574.05 2552.04 2530.22 2516.46 2495.35 2499.84 2515.23 2538.06 2554.80 2593.29 2641.70 2683.04 2724.78 2689.51 2644.77 2623.65 2595.06 2585.34 2574.25 2571.36 2563.43 2542.75 2537.68 2530.81 2532.31 2541.27 2536.18 2524.52 2509.67 2505.43 2489.98 2475.03 2467.13 2458.05 2447.13 2439.08 2430.08 2423.13 2415.99 2412.73 2409.22 2405.98 2402.02 2396.06 2389.21 2386.09 2379.57 2372.01 2363.44 2356.67 2350.90 2347.96 2345.53 2361.14 2373.21 2369.15 2366.58 2360.40 2352.73
2781.41 2815.36 2767.99 2673.10 2637.30 2639.05 2651.55 2626.54 2587.52 2554.44 2541.96 2513.11 2489.26 2499.12 2530.28 2563.46 2594.32 2607.69 2640.31 2706.68 2721.69 2695.88 2686.66 2643.59 2605.62 2621.65 2620.18 2624.66 2608.73 2568.90 2546.69 2527.21 2514.82 2502.85 2497.79 2492.07 2483.83 2478.74 2469.69 2459.76 2453.33 2449.08 2441.75 2435.83 2433.95 2429.83 2425.74 2423.48 2418.48 2417.97 2408.20 2405.11 2395.18 2385.53 2376.23 2372.08 2367.79 2357.83 2350.78 2345.91 2344.95 2363.33 2362.58 2359.21 2358.01 2356.48 2350.94
2853.42 2830.21 2752.43 2680.20 2677.69 2671.58 2638.46 2610.96 2588.42 2549.58 2516.70 2496.80 2484.77 2506.06 2535.83 2564.36 2598.49 2667.51 2715.80 2740.86 2744.68 2736.55 2705.26 2672.33 2630.91 2651.23 2676.20 2657.42 2622.13 2595.76 2570.88 2552.25 2534.15 2512.63 2502.56 2492.83 2480.66 2471.80 2461.24 2455.14 2449.21 2444.03 2433.11 2428.20 2425.93 2425.85 2422.49 2422.80 2428.13 2424.74 2418.87 2414.78 2405.80 2388.17 2375.62 2369.10 2366.08 2359.54 2349.46 2343.30 2346.54 2354.71 2354.24 2349.55 2349.87 2349.39 2346.90
2865.47 2834.83 2808.32 2768.72 2751.47 2689.80 2651.38 2639.78 2593.94 2546.13 2517.68 2495.13 2483.76 2495.14 2516.88 2545.14 2604.39 2708.29 2786.79 2811.65 2801.51 2781.12 2760.39 2715.74 2658.18 2662.49 2721.61 2724.12 2681.76 2639.47 2601.92 2586.01 2558.06 2537.56 2531.46 2514.91 2490.38 2478.39 2465.41 2456.58 2449.84 2440.60 2433.65 2428.45 2418.68 2413.93 2407.55 2405.81 2414.76 2416.91 2408.48 2399.57 2392.49 2380.99 2373.12 2368.73 2362.01 2355.48 2348.56 2340.51 2336.75 2339.22 2339.43 2335.08 2339.48 2345.52 2340.94
2860.14 2858.83 2876.21 2865.28 2822.36 2766.86 2744.42 2698.41 2622.06 2564.26 2533.01 2509.90 2480.71 2482.81 2511.71 2539.91 2588.45 2657.47 2740.03 2774.64 2822.23 2838.61 2799.76 2733.26 2709.16 2709.06 2772.28 2821.78 2776.98 2688.96 2618.84 2587.07 2577.44 2576.46 2553.13 2521.51 2501.44 2485.57 2471.30 2458.06 2448.25 2439.12 2434.57 2427.68 2417.72 2410.86 2406.53 2400.79 2393.24 2390.18 2385.93 2379.61 2375.94 2372.49 2365.18 2364.15 2361.66 2354.71 2344.49 2339.55 2336.91 2333.67 2329.61 2326.91 2324.93 2334.06 2335.82
2822.85 2860.96 2886.90 2891.12 2887.25 2847.44 2779.41 2700.54 2632.00 2589.71 2563.95 2518.51 2482.92 2479.34 2509.74 2543.96 2566.72 2580.18 2627.75 2668.47 2735.82 2810.71 2843.84 2810.56 2790.61 2788.31 2817.27 2843.32 2827.47 2736.05 2662.58 2642.63 2644.20 2622.93 2572.62 2533.73 2513.50 2492.27 2475.66 2462.88 2448.43 2437.07 2429.08 2421.79 2417.56 2411.52 2405.86 2399.54 2392.62 2387.39 2383.68 2378.81 2376.10 2369.14 2362.82 2359.38 2358.84 2350.18 2342.92 2339.67 2338.60 2332.29 2328.74 2326.79 2323.68 2322.15 2328.20
2774.53 2835.96 2884.67 2876.68 2871.00 2847.80 2748.94 2674.51 2632.92 2619.26 2591.29 2531.51 2492.40 2472.72 2474.59 2505.57 2531.19 2544.15 2567.44 2587.33 2626.56 2686.67 2765.57 2803.38 2802.22 2807.42 2827.78 2826.82 2832.52 2790.65 2758.97 2742.67 2685.94 2630.07 2582.68 2545.06 2521.95 2501.42 2486.99 2466.74 2447.45 2435.73 2426.58 2419.72 2413.38 2407.52 2404.56 2397.66 2391.00 2387.44 2381.80 2376.33 2371.20 2365.98 2358.81 2356.41 2355.68 2348.50 2343.29 2337.94 2334.70 2328.41 2328.07 2325.54 2323.60 2318.21 2319.95
2778.31 2844.53 2873.14 2835.57 2799.85 2823.20 2752.04 2676.63 2642.36 2623.11 2589.50 2545.07 2525.36 2485.07 2468.59 2486.56 2504.77 2518.53 2532.41 2550.01 2584.42 2620.15 2654.01 2675.93 2690.59 2731.91 2796.32 2806.23 2793.94 2770.65 2756.27 2718.70 2645.15 2595.53 2567.62 2549.72 2544.75 2534.02 2504.35 2460.90 2436.98 2426.19 2420.00 2416.59 2409.84 2403.47 2397.56 2393.70 2390.69 2386.36 2380.15 2374.12 2368.48 2363.94 2359.02 2357.00 2352.10 2347.30 2341.90 2339.36 2337.56 2331.66 2329.73 2327.34 2322.96 2316.31 2317.29
2720.48 2780.48 2824.29 2753.29 2714.66 2783.29 2772.45 2689.35 2641.60 2620.22 2610.39 2579.35 2533.23 2482.00 2458.75 2470.10 2491.47 2503.66 2508.72 2523.87 2547.72 2575.02 2598.79 2592.00 2596.13 2660.38 2750.09 2786.30 2760.51 2677.75 2628.09 2633.19 2608.58 2582.40 2557.27 2532.51 2526.80 2527.43 2497.49 2458.62 2432.50 2416.34 2409.99 2410.19 2406.38 2400.86 2393.59 2388.98 2386.47 2381.66 2375.71 2372.51 2366.81 2360.82 2356.54 2351.17 2350.53 2347.02 2341.08 2339.32 2340.04 2334.62 2328.12 2325.30 2319.02 2315.95 2314.08
2670.97 2691.56 2737.26 2715.14 2670.99 2711.56 2753.28 2714.04 2644.81 2607.55 2587.89 2544.51 2503.41 2480.26 2464.72 2461.23 2473.51 2487.86 2497.47 2519.69 2530.50 2545.68 2570.29 2556.51 2567.97 2633.42 2732.50 2755.85 2688.44 2615.03 2564.95 2560.36 2555.63 2564.74 2564.17 2532.56 2497.90 2500.84 2481.67 2452.56 2431.85 2417.67 2406.61 2399.40 2398.66 2397.42 2392.42 2386.73 2382.23 2376.85 2371.14 2367.47 2364.07 2359.37 2355.16 2350.76 2346.24 2341.00 2338.23 2336.64 2333.01 2329.26 2325.48 2323.47 2318.49 2316.26 2311.31
2642.02 2652.31 2660.03 2658.81 2643.72 2650.23 2680.00 2715.46 2666.75 2620.70 2592.19 2542.56 2514.49 2500.69 2469.48 2458.48 2454.88 2468.67 2489.48 2535.92 2545.81 2546.73 2551.89 2536.17 2543.93 2588.83 2632.43 2642.93 2614.85 2580.62 2545.92 2520.32 2523.88 2542.05 2537.00 2535.31 2497.04 2470.90 2466.82 2444.68 2427.64 2415.93 2401.39 2391.92 2390.58 2389.75 2388.92 2384.16 2379.29 2373.54 2370.88 2363.74 2359.05 2356.07 2351.97 2348.18 2344.12 2338.94 2335.74 2333.09 2329.07 2324.18 2321.68 2319.47 2315.17 2313.68 2310.11
2624.22 2618.61 2617.39 2614.39 2612.19 2616.09 2637.10 2684.92 2702.09 2648.84 2596.22 2578.40 2566.71 2539.99 2487.57 2463.94 2456.60 2452.99 2462.15 2496.12 2525.32 2529.77 2536.34 2514.24 2514.56 2552.28 2580.97 2565.00 2552.65 2546.73 2520.27 2507.41 2502.30 2498.52 2501.11 2511.76 2477.06 2448.24 2439.32 2434.05 2426.28 2414.98 2397.31 2387.20 2381.80 2379.49 2380.68 2378.99 2373.65 2368.54 2371.06 2368.30 2357.73 2349.30 2346.36 2346.46 2339.82 2334.06 2329.76 2326.75 2322.63 2319.90 2319.22 2317.11 2315.04 2312.88 2311.94
2624.22 2612.57 2603.59 2594.75 2592.48 2597.66 2608.32 2636.63 2691.19 2694.74 2646.10 2625.50 2592.38 2552.93 2501.02 2484.56 2482.21 2475.17 2454.44 2447.08 2469.85 2496.29 2520.71 2511.56 2491.67 2512.05 2531.55 2529.68 2512.32 2507.72 2495.31 2485.78 2473.91 2470.05 2485.23 2492.32 2455.59 2428.33 2418.47 2413.79 2419.58 2414.09 2402.81 2387.99 2371.70 2371.37 2375.14 2376.10 2372.21 2362.29 2360.68 2358.74 2349.47 2342.75 2338.03 2335.87 2333.50 2331.31 2330.17 2326.81 2324.24 2325.16 2321.96 2319.14 2318.84 2316.23 2313.59
