1 Data/bryce_canyon_input.asc
nrows         600
ncols         600
xllcorner     0.000000
yllcorner     0.000000
cellsize      0.001667
NODATA_value  -32767
[rows 29 to 57 of 600, columns 402 to 468 of 600]
2169.70 2173.70 2198.02 2219.43 2224.34 2244.52 2258.35 2288.54 2330.75 2377.43 2397.88 2375.92 2397.88 2398.03 2391.06 2385.61 2354.25 2338.54 2329.09 2322.10 2315.20 2321.11 2335.92 2369.58 2405.34 2437.18 2460.33 2475.80 2550.56 2637.54 2686.17 2676.59 2646.92 2675.29 2742.70 2808.80 2850.34 2841.18 2852.29 2793.63 2749.38 2768.86 2762.01 2721.76 2666.82 2630.09 2681.05 2740.67 2780.11 2751.94 2747.24 2802.19 2877.49 2911.47 2910.97 2871.25 2816.63 2757.78 2729.79 2672.22 2676.51 2724.84 2769.23 2814.57 2848.50 2880.65 2900.60
2169.89 2180.42 2203.40 2228.87 2249.06 2269.66 2279.51 2307.23 2364.47 2391.55 2365.03 2345.51 2377.94 2379.45 2377.77 2373.21 2337.30 2306.86 2293.78 2308.32 2326.75 2367.18 2383.44 2378.26 2401.48 2443.92 2507.35 2550.59 2589.23 2632.20 2682.96 2720.20 2716.62 2706.39 2760.17 2825.64 2838.73 2795.76 2793.95 2739.61 2702.01 2700.25 2666.81 2654.28 2625.01 2601.73 2635.17 2666.96 2671.05 2709.48 2784.04 2866.46 2891.57 2882.59 2849.03 2824.54 2804.82 2780.03 2693.12 2635.03 2684.54 2779.83 2807.86 2804.91 2822.64 2829.25 2828.64
2164.25 2188.39 2219.10 2258.82 2295.40 2285.48 2294.40 2333.28 2374.63 2349.50 2315.71 2314.55 2336.59 2350.60 2355.25 2356.40 2317.35 2285.29 2290.40 2348.40 2403.69 2437.86 2455.58 2437.78 2430.56 2467.95 2523.46 2610.88 2676.09 2691.01 2696.21 2725.12 2756.83 2775.25 2782.16 2801.72 2804.71 2756.63 2724.19 2686.61 2646.83 2639.18 2604.41 2576.14 2575.14 2588.04 2619.03 2673.58 2703.32 2735.52 2813.42 2869.11 2813.84 2820.82 2785.40 2729.96 2741.18 2721.23 2634.52 2623.35 2697.13 2749.35 2737.75 2723.73 2750.40 2779.91 2817.46
2176.34 2210.90 2269.73 2291.75 2292.27 2268.93 2299.59 2338.66 2338.97 2312.06 2283.36 2282.64 2296.21 2313.22 2333.79 2321.70 2284.41 2271.60 2303.25 2370.16 2447.79 2483.47 2489.37 2504.21 2506.27 2547.05 2586.64 2651.17 2719.25 2723.41 2709.46 2731.84 2771.52 2805.76 2741.15 2706.42 2733.41 2757.73 2693.08 2634.19 2594.19 2601.64 2569.59 2540.72 2568.20 2593.97 2626.01 2679.60 2700.31 2760.23 2842.47 2852.75 2764.39 2716.80 2706.08 2683.68 2660.05 2627.80 2597.39 2611.98 2643.19 2665.12 2679.77 2721.99 2752.44 2779.18 2820.06
2214.20 2257.88 2310.00 2279.76 2247.04 2261.29 2290.08 2313.96 2297.97 2286.70 2253.71 2257.03 2281.90 2331.22 2316.72 2273.38 2272.95 2308.70 2351.32 2394.10 2451.70 2484.62 2497.84 2524.90 2548.16 2542.69 2572.49 2639.66 2692.74 2656.97 2639.50 2692.55 2747.79 2751.44 2687.95 2639.77 2683.61 2733.88 2697.61 2638.08 2568.38 2537.32 2524.57 2525.03 2546.91 2569.38 2600.18 2616.32 2649.23 2708.05 2745.79 2779.34 2769.04 2696.47 2625.50 2633.17 2613.59 2572.00 2590.91 2663.53 2703.76 2683.19 2723.20 2786.78 2824.35 2831.44 2818.71
2225.15 2264.16 2284.48 2242.92 2237.56 2256.70 2285.79 2280.57 2254.14 2252.69 2236.02 2245.37 2294.45 2297.90 2266.79 2252.23 2300.91 2381.84 2453.84 2468.50 2452.00 2450.44 2477.96 2511.12 2488.38 2485.21 2539.27 2608.79 2636.62 2595.12 2621.59 2691.56 2746.91 2718.72 2649.85 2603.01 2656.05 2679.63 2631.90 2584.23 2555.62 2500.15 2492.14 2515.51 2530.75 2554.87 2587.82 2606.74 2625.24 2648.63 2661.43 2660.35 2680.16 2666.24 2600.74 2571.02 2553.72 2567.55 2622.61 2722.05 2785.51 2759.04 2777.66 2819.86 2862.89 2890.86 2872.47
2218.55 2248.65 2229.84 2208.47 2227.80 2251.57 2266.86 2253.81 2231.03 2212.49 2219.89 2232.88 2247.45 2249.92 2256.19 2275.85 2307.17 2376.11 2454.99 2467.58 2425.66 2423.62 2436.90 2444.68 2443.30 2480.91 2509.16 2534.42 2561.20 2576.42 2657.26 2726.99 2752.37 2701.26 2636.43 2578.38 2560.96 2575.49 2576.17 2526.00 2495.40 2477.86 2486.29 2507.21 2536.17 2574.19 2593.21 2582.00 2594.22 2606.52 2615.93 2613.28 2604.64 2597.31 2566.00 2547.89 2551.65 2618.49 2713.90 2783.81 2835.08 2828.50 2834.90 2878.04 2927.48 2981.65 2964.07
2219.83 2209.40 2188.41 2192.50 2224.46 2254.17 2235.49 2214.35 2204.31 2224.73 2264.24 2290.58 2300.05 2315.85 2303.18 2313.24 2349.91 2400.67 2424.96 2400.68 2394.75 2426.06 2412.36 2409.46 2452.42 2501.77 2499.14 2479.71 2501.88 2564.05 2629.27 2657.07 2681.27 2650.84 2610.92 2564.67 2524.96 2509.35 2524.10 2510.25 2474.91 2459.75 2475.55 2509.43 2545.43 2586.40 2576.85 2567.21 2569.81 2585.58 2602.56 2602.07 2582.24 2549.30 2523.06 2522.94 2572.57 2645.44 2740.03 2802.71 2842.59 2856.87 2865.37 2887.34 2926.94 2947.85 2961.02
2192.18 2191.19 2171.15 2199.17 2240.93 2246.21 2204.17 2188.53 2213.91 2274.68 2323.14 2340.42 2370.56 2383.99 2364.52 2383.54 2408.28 2412.45 2376.81 2370.83 2407.04 2418.09 2386.89 2392.57 2449.52 2449.33 2431.60 2443.76 2463.76 2506.15 2551.06 2560.79 2584.35 2563.43 2540.53 2532.48 2527.92 2494.28 2489.87 2500.11 2473.06 2447.08 2478.13 2510.90 2517.29 2523.77 2546.36 2571.75 2559.72 2561.89 2569.37 2555.62 2542.25 2516.05 2501.44 2525.37 2559.13 2617.00 2704.63 2778.32 2813.58 2829.18 2812.67 2810.87 2817.12 2828.86 2851.03
2179.80 2166.68 2165.09 2193.52 2207.64 2204.96 2181.64 2198.71 2225.64 2277.55 2343.51 2381.39 2412.17 2440.83 2424.29 2419.85 2421.58 2378.53 2342.38 2366.16 2379.16 2362.13 2360.67 2401.41 2428.08 2412.62 2404.46 2411.76 2434.39 2462.91 2488.40 2494.40 2510.41 2500.27 2486.05 2486.29 2498.04 2493.09 2458.80 2457.02 2454.73 2434.29 2467.94 2472.35 2470.32 2496.16 2534.99 2567.84 2562.78 2554.21 2533.39 2508.09 2492.49 2484.90 2492.31 2535.78 2599.03 2642.22 2689.63 2761.83 2806.60 2775.01 2750.41 2762.70 2753.34 2764.70 2799.61
2153.53 2146.05 2151.01 2160.79 2173.50 2171.54 2181.46 2222.53 2257.89 2289.71 2333.70 2386.60 2422.95 2411.12 2398.36 2379.54 2374.98 2341.75 2317.80 2327.26 2325.58 2335.29 2381.82 2433.41 2426.81 2402.66 2399.20 2392.50 2393.28 2429.56 2465.42 2476.83 2487.45 2482.80 2464.30 2453.14 2464.00 2460.21 2434.99 2433.07 2428.99 2427.08 2446.29 2430.25 2437.89 2444.97 2481.40 2532.02 2550.53 2531.85 2509.28 2483.43 2479.80 2501.18 2505.62 2546.41 2621.14 2677.57 2743.55 2774.69 2778.19 2732.31 2696.98 2703.16 2708.19 2758.79 2823.09
2132.49 2138.21 2144.16 2149.25 2156.92 2169.04 2204.65 2250.29 2293.32 2346.64 2377.19 2400.83 2402.07 2350.12 2339.18 2340.41 2319.50 2298.65 2287.77 2299.33 2325.30 2352.57 2398.93 2407.15 2397.87 2403.20 2402.10 2384.43 2369.15 2380.10 2425.26 2460.37 2472.47 2469.58 2461.14 2431.09 2428.64 2418.76 2410.63 2415.70 2410.76 2399.63 2399.58 2401.89 2406.96 2411.74 2424.86 2469.27 2521.33 2504.48 2469.53 2477.14 2506.16 2527.47 2527.78 2524.55 2556.22 2607.05 2681.63 2710.85 2717.68 2688.74 2653.73 2670.82 2702.23 2733.05 2763.10
2137.16 2141.27 2143.83 2151.75 2154.37 2175.42 2206.58 2245.69 2283.99 2305.90 2302.82 2339.57 2334.30 2314.69 2281.25 2283.81 2264.81 2263.27 2268.69 2291.07 2297.18 2301.02 2353.06 2354.93 2364.78 2393.99 2396.34 2375.94 2359.39 2368.54 2406.92 2453.23 2449.63 2427.73 2417.01 2394.35 2397.64 2386.40 2391.52 2400.15 2394.39 2384.51 2391.34 2409.41 2440.36 2445.31 2429.16 2426.32 2457.96 2460.15 2466.18 2496.82 2524.03 2540.29 2549.62 2547.02 2533.35 2555.77 2591.96 2614.03 2631.84 2607.86 2669.04 2724.81 2745.69 2757.05 2783.99
2170.60 2181.25 2178.88 2194.21 2169.48 2164.13 2185.38 2215.29 2226.00 2221.54 2225.05 2255.10 2246.00 2242.79 2247.39 2237.01 2240.45 2253.37 2248.46 2253.78 2253.91 2262.01 2279.25 2303.03 2332.84 2341.70 2334.31 2333.52 2332.74 2339.91 2365.83 2382.39 2366.16 2347.95 2346.58 2350.79 2355.60 2358.32 2367.91 2376.02 2382.51 2391.74 2408.59 2447.62 2496.21 2489.62 2478.30 2456.76 2447.14 2445.48 2473.32 2505.95 2539.98 2557.86 2573.68 2585.24 2586.70 2560.96 2552.76 2560.23 2573.03 2584.02 2626.53 2680.39 2722.81 2747.18 2791.71
2178.49 2200.37 2214.39 2219.46 2189.75 2187.65 2183.02 2188.62 2188.39 2192.26 2199.51 2203.05 2223.15 2243.28 2248.68 2274.71 2300.15 2293.22 2270.86 2267.12 2277.76 2293.45 2285.18 2274.94 2284.93 2291.49 2296.33 2300.10 2307.17 2314.11 2318.91 2327.92 2353.90 2363.48 2362.08 2359.15 2374.23 2388.79 2404.17 2410.79 2412.89 2420.19 2440.91 2501.78 2534.23 2527.50 2528.51 2517.45 2484.12 2472.10 2497.02 2506.50 2533.27 2562.29 2584.92 2609.63 2606.46 2596.23 2604.68 2615.09 2605.71 2594.32 2614.12 2627.99 2673.16 2715.46 2736.47
2181.64 2199.87 2220.91 2220.27 2213.56 2246.15 2255.93 2244.43 2229.56 2256.48 2286.29 2251.55 2263.20 2307.36 2273.08 2281.25 2337.98 2341.11 2306.53 2295.46 2331.88 2351.76 2329.81 2301.25 2292.41 2312.24 2319.49 2303.12 2325.50 2341.69 2340.19 2362.66 2391.64 2399.20 2383.75 2372.04 2375.64 2406.62 2436.49 2458.42 2474.48 2491.47 2517.69 2548.48 2555.93 2557.35 2549.57 2531.45 2496.93 2493.86 2531.37 2541.80 2541.19 2565.97 2603.61 2626.54 2615.05 2611.44 2645.25 2664.65 2635.22 2619.44 2694.83 2701.81 2685.03 2709.15 2732.92
2187.88 2203.70 2224.99 2238.42 2263.68 2329.47 2348.62 2295.91 2294.16 2334.55 2357.60 2295.59 2296.15 2310.09 2298.29 2324.10 2368.62 2415.44 2366.22 2336.87 2376.75 2379.85 2356.19 2350.80 2363.95 2374.35 2363.96 2350.58 2353.80 2373.04 2394.73 2447.41 2460.61 2433.64 2416.08 2401.39 2374.32 2405.11 2448.76 2486.19 2519.44 2545.04 2559.83 2580.59 2581.65 2575.51 2557.46 2532.39 2525.25 2516.93 2542.67 2574.18 2568.59 2576.31 2591.71 2612.02 2620.08 2618.36 2651.38 2665.88 2642.03 2675.53 2746.32 2737.99 2720.93 2772.55 2786.63
2191.67 2205.81 2230.70 2261.94 2314.58 2400.06 2422.39 2375.88 2370.02 2397.75 2379.64 2335.01 2359.33 2350.99 2354.24 2381.55 2414.17 2436.71 2380.18 2378.03 2428.70 2414.05 2390.49 2413.15 2426.86 2423.43 2410.81 2408.18 2396.88 2431.79 2472.58 2491.14 2483.75 2455.46 2442.07 2418.13 2396.69 2397.98 2427.93 2484.69 2541.08 2555.88 2573.78 2581.67 2582.80 2577.41 2555.96 2547.32 2551.96 2544.12 2554.32 2597.80 2594.92 2596.73 2592.06 2596.02 2610.89 2621.97 2634.17 2664.97 2720.83 2743.79 2789.64 2768.93 2750.50 2817.25 2884.52
2205.16 2214.32 2246.71 2295.43 2333.85 2384.10 2418.08 2425.89 2445.10 2457.23 2433.27 2425.17 2444.36 2449.60 2460.15 2475.11 2464.87 2429.79 2408.81 2405.25 2433.25 2428.63 2439.91 2458.40 2445.18 2439.92 2434.95 2448.78 2454.41 2454.04 2484.79 2503.91 2487.98 2463.94 2449.70 2442.74 2428.85 2410.25 2411.93 2447.05 2520.03 2555.50 2573.43 2576.43 2583.51 2586.76 2581.43 2584.35 2580.32 2580.94 2577.61 2618.86 2621.67 2610.77 2614.13 2619.35 2632.19 2633.67 2659.40 2705.02 2770.03 2792.69 2823.73 2832.54 2817.98 2860.47 2928.27
2214.77 2226.55 2249.07 2279.24 2299.39 2329.53 2363.19 2385.94 2408.47 2425.54 2418.25 2455.86 2509.59 2537.69 2551.95 2550.93 2487.35 2467.67 2470.85 2451.62 2459.90 2456.02 2469.40 2474.53 2467.58 2456.88 2472.63 2484.68 2480.31 2480.14 2493.16 2513.27 2491.58 2473.82 2467.42 2459.61 2445.55 2444.15 2430.86 2430.48 2488.64 2546.15 2562.64 2578.46 2594.11 2596.43 2601.49 2611.84 2607.56 2617.10 2624.29 2627.74 2640.18 2656.65 2661.48 2656.60 2687.00 2707.28 2740.27 2793.84 2829.46 2862.79 2892.54 2921.85 2921.66 2937.90 2963.28
2220.76 2239.47 2255.58 2270.74 2290.83 2306.01 2329.05 2352.76 2373.25 2388.40 2400.20 2418.70 2454.69 2480.90 2509.16 2524.83 2522.76 2534.24 2545.03 2538.14 2542.35 2507.42 2488.83 2488.58 2491.59 2485.99 2503.79 2514.83 2513.17 2520.13 2524.47 2523.51 2520.32 2529.80 2513.41 2476.82 2482.62 2491.18 2467.37 2449.02 2477.03 2536.14 2558.16 2583.87 2590.91 2602.02 2621.30 2634.70 2632.96 2636.86 2647.71 2659.64 2676.08 2732.76 2748.19 2721.37 2713.56 2754.74 2816.40 2877.36 2886.99 2886.39 2899.47 2922.67 2949.43 2944.38 2919.43
2215.56 2237.38 2280.58 2322.61 2361.00 2367.51 2363.02 2401.24 2439.08 2455.77 2466.92 2467.06 2460.73 2459.64 2475.85 2518.82 2562.13 2571.15 2569.43 2562.28 2569.98 2551.55 2512.23 2499.23 2498.55 2505.89 2520.28 2531.49 2537.21 2545.31 2541.17 2527.56 2553.12 2581.87 2550.68 2513.30 2532.24 2522.64 2521.17 2497.88 2476.89 2492.79 2539.00 2560.39 2569.06 2584.38 2608.76 2635.21 2650.93 2647.39 2683.35 2756.87 2783.09 2820.26 2810.23 2764.03 2785.06 2834.31 2894.58 2896.59 2866.16 2859.03 2879.43 2890.19 2904.31 2940.51 2907.95
2205.11 2232.84 2270.24 2313.70 2366.14 2393.28 2431.42 2479.30 2509.04 2540.94 2548.81 2532.00 2498.20 2507.95 2507.57 2513.51 2533.08 2539.01 2544.32 2550.45 2597.31 2641.08 2580.42 2528.16 2519.27 2529.68 2551.57 2557.79 2556.51 2548.92 2540.17 2541.03 2579.14 2587.93 2554.85 2558.66 2558.39 2552.18 2561.07 2556.00 2531.16 2499.49 2509.76 2537.19 2560.94 2580.46 2593.59 2625.49 2644.29 2667.56 2759.86 2837.32 2888.88 2884.63 2827.77 2812.82 2867.95 2911.18 2902.95 2885.16 2863.14 2839.62 2851.22 2862.01 2884.69 2932.33 2928.49
2207.83 2229.91 2263.98 2304.31 2338.41 2378.21 2439.51 2473.28 2483.25 2529.69 2557.53 2535.35 2526.67 2551.96 2553.47 2525.06 2518.84 2530.76 2541.21 2571.66 2618.84 2659.56 2633.28 2580.72 2597.97 2575.86 2588.61 2597.32 2595.97 2563.13 2541.53 2560.21 2597.29 2595.97 2577.61 2580.46 2572.96 2575.37 2580.01 2573.71 2554.52 2531.26 2526.07 2541.17 2559.70 2580.29 2596.98 2615.66 2634.68 2692.45 2767.37 2840.22 2913.95 2923.14 2894.12 2893.75 2922.47 2922.39 2894.36 2872.63 2866.89 2846.76 2822.70 2838.03 2869.52 2898.74 2884.41
2215.98 2232.93 2261.29 2290.18 2325.12 2384.43 2424.92 2425.38 2429.77 2466.39 2491.43 2474.10 2494.20 2537.24 2581.23 2576.24 2550.45 2545.90 2547.13 2603.18 2656.21 2665.62 2703.14 2671.04 2652.71 2646.50 2624.94 2619.32 2612.48 2593.15 2566.91 2580.42 2609.22 2609.71 2598.90 2593.14 2584.60 2584.10 2588.30 2571.29 2561.26 2558.53 2574.91 2569.50 2567.66 2579.55 2591.08 2627.49 2676.82 2703.94 2749.76 2833.18 2903.41 2914.91 2920.43 2913.48 2909.54 2913.47 2902.82 2870.50 2851.19 2851.36 2820.45 2808.11 2845.59 2865.09 2843.36
2223.78 2236.82 2257.57 2285.79 2320.48 2359.86 2372.73 2379.15 2386.66 2412.36 2426.20 2427.15 2480.02 2543.64 2582.53 2573.14 2551.44 2549.97 2573.52 2639.53 2699.22 2728.60 2767.29 2774.05 2711.41 2704.76 2696.63 2674.29 2641.89 2630.12 2609.46 2603.80 2625.64 2623.27 2606.36 2600.23 2598.99 2594.95 2593.57 2581.79 2575.69 2583.47 2594.81 2600.08 2584.53 2592.85 2615.98 2641.31 2736.36 2773.44 2827.12 2876.48 2896.95 2890.75 2890.29 2894.62 2891.65 2909.13 2913.96 2885.32 2856.26 2838.48 2822.05 2799.83 2794.25 2809.43 2834.24
2222.29 2237.05 2252.77 2276.51 2319.86 2355.18 2337.36 2340.13 2357.24 2370.16 2386.71 2416.09 2484.72 2560.28 2569.20 2548.85 2554.63 2564.66 2595.79 2644.08 2665.76 2711.84 2775.94 2818.59 2786.89 2787.19 2778.58 2729.32 2683.45 2647.86 2635.59 2625.94 2626.01 2635.93 2629.28 2613.12 2611.03 2611.13 2604.69 2605.70 2605.98 2605.73 2618.65 2615.10 2608.88 2613.36 2648.30 2706.57 2792.21 2854.74 2912.33 2909.61 2883.78 2871.00 2860.38 2881.83 2884.64 2917.12 2927.56 2919.39 2905.16 2885.19 2847.41 2812.91 2784.74 2777.62 2808.22
2222.61 2235.63 2247.65 2277.20 2301.89 2318.32 2309.97 2320.13 2339.58 2370.83 2395.64 2410.78 2452.52 2512.83 2541.47 2550.22 2563.02 2570.93 2604.42 2643.88 2671.70 2714.26 2753.67 2780.27 2798.39 2849.90 2851.91 2780.18 2715.77 2676.73 2649.45 2624.55 2602.47 2617.18 2630.99 2618.70 2617.72 2629.66 2640.69 2635.07 2621.22 2615.66 2629.40 2631.99 2638.81 2641.54 2666.01 2735.20 2792.64 2871.86 2912.82 2906.63 2898.36 2880.69 2855.60 2858.06 2871.09 2913.04 2948.74 2948.12 2927.57 2901.49 2867.70 2827.30 2794.67 2771.68 2779.35
2225.11 2237.52 2248.17 2264.68 2275.61 2296.30 2320.72 2346.89 2387.60 2434.35 2474.07 2458.30 2475.40 2522.01 2547.74 2548.63 2559.02 2584.86 2607.51 2650.82 2698.74 2757.91 2745.21 2694.19 2711.07 2782.85 2731.15 2685.50 2650.58 2635.24 2636.82 2617.08 2591.40 2596.27 2611.89 2623.46 2623.15 2630.45 2644.95 2642.11 2630.40 2623.70 2628.05 2634.25 2655.54 2717.94 2761.31 2769.51 2811.39 2886.12 2936.58 2944.55 2930.57 2911.24 2883.51 2852.81 2846.38 2890.00 2920.79 2922.96 2923.20 2893.53 2855.16 2829.78 2809.73 2785.61 2769.13
