1 Data/kings_canyon_input.asc
nrows 375
ncols 593
xllcorner     0
yllcorner     0
cellsize      0.00027777774952292554
NODATA_value  -3.4028234663852886e+38
[rows 340 to 359 of 375, columns 270 to 314 of 593]
619.1595458984375 619.3541259765625 619.4973754882812 619.612060546875 619.7142944335938 619.7757568359375 619.7904052734375 619.8002319335938 619.8094482421875 619.833251953125 619.8556518554688 619.8714599609375 619.9143676757812 619.9808959960938 620.0780639648438 620.22412109375 620.4449462890625 620.612060546875 620.7364501953125 620.8009643554688 620.8380737304688 620.8756103515625 620.91064453125 620.9205322265625 620.9942626953125 621.097900390625 621.1889038085938 621.2808837890625 621.413330078125 621.5106811523438 621.6561889648438 621.8566284179688 621.9685668945312 622.0240478515625 622.0863037109375 622.1511840820312 622.2535400390625 622.410400390625 622.4960327148438 622.540283203125 622.5791015625 622.5931396484375 622.6238403320312 622.7050170898438 622.7647094726562
619.3607177734375 619.5528564453125 619.645263671875 619.6884155273438 619.7395629882812 619.7588500976562 619.7412719726562 619.7496948242188 619.7660522460938 619.7777709960938 619.7991943359375 619.8424072265625 619.9208374023438 620.006103515625 620.0962524414062 620.2279052734375 620.4148559570312 620.5516967773438 620.621826171875 620.677001953125 620.7328491210938 620.7764282226562 620.8145141601562 620.8742065429688 620.9600219726562 621.085205078125 621.1551513671875 621.240966796875 621.3327026367188 621.4115600585938 621.5516357421875 621.7581176757812 621.8973999023438 621.9708251953125 622.0474853515625 622.1460571289062 622.2828369140625 622.4623413085938 622.545654296875 622.5745849609375 622.5880126953125 622.6118774414062 622.640869140625 622.734130859375 622.8096313476562
619.4295654296875 619.63720703125 619.72998046875 619.7117919921875 619.735107421875 619.7135620117188 619.7146606445312 619.703857421875 619.7188110351562 619.739013671875 619.7639770507812 619.8148193359375 619.9121704101562 620.0481567382812 620.1484375 620.2384643554688 620.3963012695312 620.49755859375 620.5580444335938 620.5961303710938 620.6423950195312 620.7014770507812 620.7894287109375 620.8650512695312 620.9595336914062 621.0885009765625 621.170654296875 621.2373046875 621.338134765625 621.4060668945312 621.542724609375 621.7338256835938 621.8680419921875 621.9556884765625 622.0523071289062 622.1654663085938 622.3211669921875 622.4608154296875 622.5831298828125 622.5980224609375 622.6234130859375 622.6096801757812 622.6505737304688 622.74755859375 622.83447265625
619.3392944335938 619.556884765625 619.6633911132812 619.688720703125 619.7042846679688 619.726318359375 619.6995239257812 619.6696166992188 619.6854858398438 619.7281494140625 619.7736206054688 619.8104858398438 619.9220581054688 620.06640625 620.1668701171875 620.245849609375 620.3468017578125 620.4437866210938 620.5048828125 620.566162109375 620.605712890625 620.6865234375 620.810546875 620.920166015625 621.0224609375 621.1812744140625 621.2810668945312 621.3594360351562 621.44140625 621.53076171875 621.6483764648438 621.81689453125 621.9241333007812 622.008056640625 622.1150512695312 622.2422485351562 622.3439331054688 622.4480590820312 622.519775390625 622.5722045898438 622.609375 622.6332397460938 622.678466796875 622.8035278320312 622.906494140625
619.1340942382812 619.3683471679688 619.5472412109375 619.6328125 619.7022094726562 619.7288818359375 619.7168579101562 619.6549072265625 619.6386108398438 619.693603515625 619.734130859375 619.7843017578125 619.9075317382812 620.0625 620.1461181640625 620.2354125976562 620.33154296875 620.4074096679688 620.47705078125 620.5448608398438 620.6116333007812 620.7196044921875 620.8782958984375 621.0165405273438 621.1605224609375 621.326171875 621.4451293945312 621.5429077148438 621.6447143554688 621.7279663085938 621.8492431640625 621.9890747070312 622.065185546875 622.117919921875 622.2210083007812 622.3082275390625 622.3696899414062 622.4108276367188 622.4506225585938 622.5046997070312 622.5796508789062 622.6571655273438 622.7435913085938 622.8848876953125 623.0396728515625
618.9578857421875 619.2200317382812 619.4052124023438 619.5448608398438 619.6514282226562 619.7266235351562 619.6942138671875 619.6300048828125 619.5848388671875 619.6221923828125 619.6846313476562 619.7337036132812 619.8515014648438 620.0088500976562 620.1370849609375 620.2448120117188 620.3638916015625 620.4337768554688 620.5009155273438 620.5816040039062 620.6542358398438 620.7832641601562 620.9578247070312 621.1300048828125 621.2811889648438 621.4231567382812 621.5499877929688 621.6591186523438 621.7953491210938 621.8798217773438 621.9732666015625 622.10302734375 622.1695556640625 622.2271118164062 622.3380126953125 622.4033203125 622.41943359375 622.4374389648438 622.4419555664062 622.5218505859375 622.628173828125 622.7194213867188 622.8467407226562 623.0138549804688 623.1724243164062
618.7647705078125 619.0256958007812 619.1925048828125 619.3341674804688 619.4900512695312 619.5659790039062 619.5728149414062 619.5748901367188 619.5671997070312 619.599853515625 619.6744384765625 619.7545776367188 619.8663330078125 620.0245361328125 620.1348876953125 620.2713012695312 620.43603515625 620.5336303710938 620.6237182617188 620.7091064453125 620.791748046875 620.9130249023438 621.1162719726562 621.2696533203125 621.3892822265625 621.5072631835938 621.6140747070312 621.7367553710938 621.8980712890625 622.0053100585938 622.08349609375 622.2015380859375 622.2942504882812 622.3912353515625 622.5092163085938 622.5875244140625 622.599853515625 622.568115234375 622.5614624023438 622.6468505859375 622.7852172851562 622.8822631835938 623.0189819335938 623.223876953125 623.3795776367188
618.5271606445312 618.7713012695312 618.9283447265625 619.0447998046875 619.207763671875 619.3272094726562 619.400146484375 619.4520874023438 619.526611328125 619.6038818359375 619.7218627929688 619.8016967773438 619.9248046875 620.0759887695312 620.1852416992188 620.33251953125 620.5375366210938 620.6957397460938 620.811279296875 620.906005859375 620.9921875 621.1194458007812 621.3154296875 621.4437866210938 621.5142211914062 621.599609375 621.703125 621.8173828125 622.0028076171875 622.1385498046875 622.2451782226562 622.3582763671875 622.4786987304688 622.5932006835938 622.7425537109375 622.82763671875 622.8377075195312 622.7825927734375 622.7769775390625 622.8775634765625 623.0216064453125 623.14599609375 623.2855834960938 623.48779296875 623.6312866210938
618.3997802734375 618.641845703125 618.7911987304688 618.9160766601562 619.0637817382812 619.1763305664062 619.2747192382812 619.3753662109375 619.4866333007812 619.5953369140625 619.7188110351562 619.8413696289062 619.957763671875 620.0867919921875 620.1905517578125 620.3536987304688 620.6116333007812 620.8099975585938 620.9463500976562 621.0573120117188 621.1300048828125 621.2628173828125 621.4492797851562 621.5601806640625 621.6223754882812 621.71875 621.7901000976562 621.9279174804688 622.0999755859375 622.2591552734375 622.3605346679688 622.4811401367188 622.5966186523438 622.7225952148438 622.8446044921875 622.9514770507812 622.9580078125 622.919677734375 622.9197998046875 623.0263061523438 623.1730346679688 623.3031005859375 623.4518432617188 623.6768798828125 623.85546875
618.3653564453125 618.6148681640625 618.79638671875 618.9231567382812 619.0661010742188 619.1472778320312 619.2457275390625 619.3926391601562 619.4671020507812 619.5636596679688 619.6930541992188 619.8046264648438 619.9295654296875 620.0715942382812 620.1929931640625 620.3802490234375 620.67822265625 620.8889770507812 621.0441284179688 621.18310546875 621.2743530273438 621.380615234375 621.55712890625 621.687255859375 621.8148193359375 621.908203125 621.9832763671875 622.0838623046875 622.2315063476562 622.3538818359375 622.4681396484375 622.564208984375 622.6712036132812 622.7582397460938 622.8836059570312 622.9619140625 622.9890747070312 622.997314453125 623.0300903320312 623.120849609375 623.269287109375 623.408935546875 623.5841674804688 623.8449096679688 624.0498046875
618.3984375 618.6712646484375 618.8427124023438 618.9827880859375 619.1170043945312 619.1905517578125 619.2675170898438 619.3897705078125 619.4732055664062 619.54296875 619.659912109375 619.7655029296875 619.8604125976562 620.0104370117188 620.1759033203125 620.4068603515625 620.74072265625 620.9825439453125 621.157470703125 621.3036499023438 621.4091796875 621.5413818359375 621.7135009765625 621.89306640625 622.043701171875 622.1557006835938 622.2110595703125 622.3031005859375 622.423583984375 622.5003051757812 622.5689697265625 622.6563720703125 622.7362060546875 622.82763671875 622.923828125 622.9833374023438 623.0121459960938 623.0608520507812 623.1383666992188 623.2332763671875 623.3777465820312 623.5533447265625 623.7642211914062 624.0390625 624.2745971679688
618.4091186523438 618.6787719726562 618.868896484375 618.9951782226562 619.1522827148438 619.2044067382812 619.269287109375 619.3916015625 619.4990844726562 619.5540161132812 619.6552124023438 619.7236938476562 619.8267211914062 620.0006713867188 620.1737060546875 620.4285888671875 620.8006591796875 621.0784912109375 621.2489013671875 621.3980712890625 621.5220947265625 621.6736450195312 621.8397827148438 622.0154418945312 622.1828002929688 622.3078002929688 622.4031372070312 622.4801025390625 622.5618896484375 622.6012573242188 622.6392211914062 622.7220458984375 622.8150634765625 622.8876953125 622.9439697265625 622.97412109375 623.0335083007812 623.1088256835938 623.1947021484375 623.3131103515625 623.503173828125 623.6997680664062 623.9112548828125 624.1795654296875 624.4161987304688
618.3798217773438 618.6659545898438 618.8582763671875 619.03515625 619.1764526367188 619.2464599609375 619.2969970703125 619.42529296875 619.5247802734375 619.5896606445312 619.6752319335938 619.765625 619.8737182617188 620.0714111328125 620.2723999023438 620.5176391601562 620.8803100585938 621.1610107421875 621.36328125 621.5259399414062 621.6940307617188 621.83251953125 621.981201171875 622.1070556640625 622.25927734375 622.4190673828125 622.5205078125 622.5961303710938 622.638916015625 622.6652221679688 622.7070922851562 622.7745971679688 622.86083984375 622.9017944335938 622.9181518554688 622.9482421875 623.013916015625 623.0953369140625 623.1968383789062 623.3492431640625 623.6060180664062 623.8131103515625 624.016845703125 624.2910766601562 624.5078125
618.3565673828125 618.646728515625 618.886474609375 619.0794677734375 619.2369384765625 619.316162109375 619.3723754882812 619.4703369140625 619.5577392578125 619.6380004882812 619.746337890625 619.8501586914062 620.0071411132812 620.2222290039062 620.4298706054688 620.6817626953125 621.022705078125 621.3018798828125 621.501708984375 621.7207641601562 621.8834228515625 622.02685546875 622.138671875 622.222900390625 622.3341064453125 622.4892578125 622.5958862304688 622.665283203125 622.7061157226562 622.73486328125 622.7679443359375 622.839599609375 622.8757934570312 622.8772583007812 622.905029296875 622.941650390625 623.0029296875 623.0795288085938 623.198486328125 623.4016723632812 623.6812133789062 623.9031372070312 624.1356201171875 624.414794921875 624.601806640625
618.4200439453125 618.693115234375 618.9218139648438 619.129150390625 619.3170776367188 619.4265747070312 619.4763793945312 619.536376953125 619.6271362304688 619.7319946289062 619.837646484375 619.9512329101562 620.1490478515625 620.3861083984375 620.598388671875 620.8410034179688 621.1981811523438 621.4522705078125 621.6728515625 621.8770141601562 622.0693359375 622.1757202148438 622.2360229492188 622.295166015625 622.39013671875 622.517333984375 622.6187744140625 622.6973266601562 622.73388671875 622.772705078125 622.8216552734375 622.84912109375 622.8696899414062 622.8660888671875 622.90380859375 622.9274291992188 622.994873046875 623.0999145507812 623.2367553710938 623.4627075195312 623.7359619140625 623.970947265625 624.1942749023438 624.4445190429688 624.6367797851562
618.61181640625 618.8565063476562 619.0476684570312 619.233642578125 619.4411010742188 619.5709228515625 619.6599731445312 619.7352905273438 619.8126831054688 619.9177856445312 620.033203125 620.1469116210938 620.339111328125 620.587158203125 620.80615234375 621.0689697265625 621.4255981445312 621.684326171875 621.8776245117188 622.0657958984375 622.2090454101562 622.2972412109375 622.3159790039062 622.359375 622.4314575195312 622.5198364257812 622.5986938476562 622.6630249023438 622.7168579101562 622.775146484375 622.8005981445312 622.8143310546875 622.8052368164062 622.8215942382812 622.8607788085938 622.9075317382812 623.0014038085938 623.146728515625 623.2848510742188 623.4715576171875 623.7396850585938 623.9323120117188 624.1240844726562 624.3594360351562 624.5439453125
618.9306030273438 619.1473999023438 619.300537109375 619.4495849609375 619.671875 619.8159790039062 619.9344482421875 620.0353393554688 620.1101684570312 620.2117919921875 620.34130859375 620.4371337890625 620.611328125 620.8543701171875 621.0930786132812 621.3798217773438 621.7396850585938 621.9829711914062 622.155517578125 622.3082275390625 622.3739013671875 622.4030151367188 622.431396484375 622.4512939453125 622.4730834960938 622.514404296875 622.5789794921875 622.6404418945312 622.703125 622.73779296875 622.7608032226562 622.7356567382812 622.7254638671875 622.7407836914062 622.800048828125 622.8971557617188 623.0270385742188 623.18212890625 623.2921142578125 623.4622802734375 623.6917114257812 623.8585205078125 624.0022583007812 624.2271118164062 624.433349609375
619.1566162109375 619.3506469726562 619.475341796875 619.640869140625 619.8509521484375 620.0133056640625 620.1428833007812 620.2457885742188 620.318359375 620.433837890625 620.5868530273438 620.6954345703125 620.8521728515625 621.0496826171875 621.2742919921875 621.571533203125 621.9425659179688 622.1918334960938 622.3179931640625 622.436279296875 622.4656372070312 622.4700317382812 622.491455078125 622.4843139648438 622.4639282226562 622.5150756835938 622.5552368164062 622.6231689453125 622.6868896484375 622.7483520507812 622.7315673828125 622.7266845703125 622.6765747070312 622.72119140625 622.820068359375 622.947265625 623.0985107421875 623.2293090820312 623.3635864257812 623.4959716796875 623.6685791015625 623.8071899414062 623.9540405273438 624.1729736328125 624.3705444335938
619.322265625 619.4686279296875 619.61474609375 619.7877197265625 620.0404663085938 620.1966552734375 620.3165893554688 620.4080200195312 620.4988403320312 620.6127319335938 620.7891845703125 620.9224853515625 621.0302124023438 621.1939086914062 621.392333984375 621.6644287109375 622.0147705078125 622.2373046875 622.3711547851562 622.448974609375 622.4865112304688 622.491455078125 622.4985961914062 622.4801025390625 622.45703125 622.4837036132812 622.5431518554688 622.6033935546875 622.6768188476562 622.7208862304688 622.7548217773438 622.7510986328125 622.751220703125 622.8060913085938 622.9263305664062 623.0454711914062 623.1697998046875 623.3128051757812 623.428955078125 623.5426635742188 623.6747436523438 623.7843017578125 623.9429321289062 624.1539306640625 624.3406982421875
619.4953002929688 619.6336059570312 619.7849731445312 619.9777221679688 620.2241821289062 620.3949584960938 620.5007934570312 620.5838623046875 620.6776123046875 620.794189453125 620.9857177734375 621.103759765625 621.2114868164062 621.3453979492188 621.5008544921875 621.7078247070312 622.0086059570312 622.2196655273438 622.342529296875 622.4442138671875 622.4796752929688 622.4825439453125 622.49072265625 622.4802856445312 622.46630859375 622.4802856445312 622.5195922851562 622.5700073242188 622.6265258789062 622.7235107421875 622.7813720703125 622.8375854492188 622.9081420898438 622.9954833984375 623.1072387695312 623.199951171875 623.2979736328125 623.423095703125 623.5042724609375 623.5829467773438 623.6932983398438 623.7909545898438 623.921630859375 624.1332397460938 624.323486328125
