1 Data/kings_canyon_input.asc
nrows 375
ncols 593
xllcorner     0
yllcorner     0
cellsize      0.00027777774952292554
NODATA_value  -3.4028234663852886e+38
[rows 100 to 119 of 375, columns 180 to 224 of 593]
614.8445434570312 614.8082885742188 614.76220703125 614.70263671875 614.6504516601562 614.556396484375 614.4141845703125 614.2404174804688 614.1434326171875 614.1332397460938 614.1618041992188 614.1924438476562 614.2311401367188 614.256591796875 614.2743530273438 614.3367309570312 614.4906005859375 614.6047973632812 614.6527709960938 614.6964111328125 614.7461547851562 614.8389892578125 614.9915161132812 615.101806640625 615.181884765625 615.2911987304688 615.3836059570312 615.447509765625 615.52001953125 615.6270751953125 615.6866455078125 615.7077026367188 615.8163452148438 616.1561889648438 616.6337280273438 617.007568359375 617.2180786132812 617.3342895507812 617.3327026367188 617.500244140625 617.9138793945312 618.1807250976562 618.3388061523438 618.5515747070312 618.806884765625
614.6091918945312 614.5767211914062 614.525146484375 614.4849853515625 614.4392700195312 614.3822631835938 614.2877197265625 614.113037109375 614.0320434570312 614.027099609375 614.0721435546875 614.1107177734375 614.1473388671875 614.1743774414062 614.1976928710938 614.2761840820312 614.4235229492188 614.53466796875 614.5904541015625 614.6275634765625 614.6607055664062 614.7469482421875 614.8886108398438 615.0028076171875 615.0982666015625 615.212158203125 615.314208984375 615.3862915039062 615.4739379882812 615.4811401367188 615.4569091796875 615.3594360351562 615.4490966796875 615.8932495117188 616.5267333984375 616.938232421875 617.0972290039062 616.9857177734375 616.9857788085938 617.076171875 617.516357421875 618.0361328125 618.4453735351562 618.7970581054688 619.0764770507812
614.4202880859375 614.3654174804688 614.330078125 614.3064575195312 614.2648315429688 614.224853515625 614.14013671875 613.9769897460938 613.9058227539062 613.9175415039062 613.9762573242188 614.021240234375 614.0486450195312 614.0911865234375 614.1272583007812 614.2196044921875 614.3421630859375 614.4559326171875 614.5064086914062 614.5554809570312 614.5927124023438 614.6676025390625 614.81591796875 614.9297485351562 615.0459594726562 615.1586303710938 615.253173828125 615.3544921875 615.4673461914062 615.4810791015625 615.3269653320312 615.1434936523438 615.1835327148438 615.6898193359375 616.1513671875 616.6476440429688 616.791015625 616.79541015625 616.71630859375 616.922119140625 617.3206787109375 617.7722778320312 618.509765625 618.9080810546875 619.231201171875
614.2467651367188 614.1824951171875 614.1361694335938 614.1210327148438 614.0938720703125 614.0623779296875 613.968994140625 613.7957153320312 613.7158813476562 613.7355346679688 613.8079223632812 613.8607177734375 613.8905639648438 613.9373168945312 614.0089721679688 614.1044311523438 614.2333984375 614.3088989257812 614.3877563476562 614.4488525390625 614.5045166015625 614.5960693359375 614.7396240234375 614.8761596679688 614.9866943359375 615.1154174804688 615.2210693359375 615.3521118164062 615.5028686523438 615.5447387695312 615.4539794921875 615.2470703125 615.244140625 615.4365844726562 615.8052978515625 615.9724731445312 616.3216552734375 616.5210571289062 616.6546020507812 616.7403564453125 617.1904296875 617.68505859375 618.3372192382812 618.7803955078125 619.105712890625
614.0233154296875 613.9609985351562 613.923583984375 613.90576171875 613.8864135742188 613.8349609375 613.7186889648438 613.54736328125 613.4552001953125 613.4628295898438 613.5548706054688 613.6172485351562 613.6681518554688 613.7282104492188 613.80615234375 613.9190673828125 614.0504150390625 614.1364135742188 614.195556640625 614.2957153320312 614.385986328125 614.5020141601562 614.6512451171875 614.7791748046875 614.9069213867188 615.047119140625 615.2017211914062 615.3424682617188 615.5167236328125 615.6735229492188 615.7012939453125 615.5985107421875 615.472900390625 615.4283447265625 615.3397216796875 615.3799438476562 615.531494140625 615.9427490234375 616.3242797851562 616.64794921875 617.156005859375 617.59375 617.9028930664062 618.2586669921875 618.7528686523438
613.854248046875 613.775146484375 613.7382202148438 613.7181396484375 613.6890869140625 613.632568359375 613.5208129882812 613.3377075195312 613.236572265625 613.2637329101562 613.3687133789062 613.43896484375 613.5033569335938 613.592529296875 613.6727294921875 613.7783203125 613.8834228515625 613.9423828125 614.0292358398438 614.1538696289062 614.281982421875 614.4246215820312 614.5758666992188 614.7100830078125 614.8489990234375 615.0751342773438 615.2496948242188 615.427490234375 615.5473022460938 615.6962890625 615.7836303710938 615.7862548828125 615.7338256835938 615.3694458007812 615.105712890625 614.8944702148438 615.092041015625 615.3992309570312 615.9010009765625 616.4359741210938 617.1813354492188 617.4773559570312 617.5947875976562 617.9287719726562 618.3358154296875
613.7080078125 613.5895385742188 613.5238037109375 613.4961547851562 613.4791870117188 613.4261474609375 613.3115844726562 613.1542358398438 613.08203125 613.1142578125 613.2322998046875 613.3192138671875 613.3881225585938 613.4725952148438 613.5573120117188 613.6326904296875 613.712158203125 613.7733764648438 613.87548828125 614.0426635742188 614.1773071289062 614.3160400390625 614.5014038085938 614.640625 614.8397216796875 615.1618041992188 615.4131469726562 615.5830688476562 615.6415405273438 615.675537109375 615.5726318359375 615.5598754882812 615.502197265625 615.2885131835938 614.9210815429688 614.8632202148438 614.909912109375 615.0117797851562 615.27783203125 616.1124267578125 617.1044921875 617.6093139648438 617.7972412109375 617.9083251953125 618.0873413085938
613.5177001953125 613.3699340820312 613.2788696289062 613.22607421875 613.2127685546875 613.1724853515625 613.0928955078125 612.9669189453125 612.9352416992188 612.9812622070312 613.1022338867188 613.1995239257812 613.2661743164062 613.332275390625 613.4014892578125 613.4513549804688 613.5332641601562 613.6115112304688 613.7197265625 613.8935546875 614.0498046875 614.2093505859375 614.4017333984375 614.6085205078125 614.8731079101562 615.2646484375 615.5196533203125 615.6835327148438 615.5894165039062 615.4057006835938 615.2001342773438 615.1157836914062 615.06005859375 614.99755859375 614.8597412109375 614.8035888671875 614.8468017578125 614.80419921875 615.0377807617188 615.7521362304688 616.8629150390625 617.6376953125 617.9075927734375 617.9850463867188 618.0843505859375
613.3758544921875 613.2199096679688 613.10009765625 613.0623779296875 613.0482788085938 613.02294921875 612.97509765625 612.8628540039062 612.85205078125 612.90283203125 613.0094604492188 613.1006469726562 613.1492309570312 613.2205810546875 613.2721557617188 613.3133544921875 613.3804931640625 613.4613647460938 613.5952758789062 613.7860717773438 613.9573974609375 614.1132202148438 614.341552734375 614.5557250976562 614.8772583007812 615.2659912109375 615.5738525390625 615.6775512695312 615.5033569335938 615.296142578125 615.0866088867188 614.7402954101562 614.611328125 614.7000732421875 615.0259399414062 615.1237182617188 615.0216064453125 614.8003540039062 614.8840942382812 615.7130126953125 616.7722778320312 617.5691528320312 617.8082885742188 617.9664916992188 618.1270751953125
613.3118896484375 613.12744140625 613.0162963867188 612.9818725585938 612.9826049804688 612.9730224609375 612.918701171875 612.8316650390625 612.802734375 612.8341064453125 612.9140625 612.9728393554688 613.0231323242188 613.089111328125 613.141845703125 613.1859130859375 613.2589111328125 613.3439331054688 613.4679565429688 613.687255859375 613.8668212890625 614.03955078125 614.2901000976562 614.533447265625 614.8367919921875 615.1953125 615.4857788085938 615.6848754882812 615.4271850585938 615.2172241210938 614.9664306640625 614.5030517578125 614.2467651367188 614.5671997070312 615.1950073242188 615.6181640625 615.4894409179688 615.1746215820312 615.4109497070312 616.0711059570312 616.9943237304688 617.4236450195312 617.7771606445312 618.110595703125 618.2899169921875
613.2467651367188 613.0711669921875 612.9844360351562 612.9578857421875 612.9692993164062 612.95751953125 612.9131469726562 612.8194580078125 612.7538452148438 612.748779296875 612.7996215820312 612.8367919921875 612.8902587890625 612.9566040039062 613.013427734375 613.0641479492188 613.1378784179688 613.2175903320312 613.3479614257812 613.5474243164062 613.7373046875 613.9456787109375 614.2617797851562 614.5205688476562 614.7210693359375 615.2017822265625 615.5079956054688 615.4966430664062 615.3505249023438 615.0941162109375 614.7220458984375 614.211669921875 614.0582885742188 614.4854736328125 615.3467407226562 615.8872680664062 616.1458129882812 615.9855346679688 616.0184326171875 616.5708618164062 617.1279907226562 617.5985107421875 618.0839233398438 618.4359741210938 618.7506713867188
613.2281494140625 613.0813598632812 612.9868774414062 612.9674072265625 612.9722290039062 612.9876098632812 612.9266967773438 612.8131713867188 612.7301635742188 612.7053833007812 612.7200927734375 612.7610473632812 612.8232421875 612.8663940429688 612.912109375 612.95556640625 613.0398559570312 613.1297607421875 613.25244140625 613.400634765625 613.5564575195312 613.807373046875 614.0899047851562 614.3671875 614.6002197265625 615.0714721679688 615.354248046875 615.3585205078125 615.2338256835938 614.9759521484375 614.5596923828125 614.156005859375 614.0470581054688 614.708984375 615.5225830078125 616.2112426757812 616.5293579101562 616.5679321289062 616.5701293945312 616.8592529296875 617.3013305664062 617.6024169921875 618.2010498046875 618.8506469726562 619.277099609375
613.2738647460938 613.1466064453125 613.0805053710938 613.0302124023438 613.0369873046875 613.0372924804688 612.968505859375 612.8348388671875 612.7496337890625 612.70849609375 612.6846923828125 612.7095336914062 612.7478637695312 612.7649536132812 612.776611328125 612.8223266601562 612.9232788085938 613.02734375 613.120361328125 613.2183837890625 613.3756103515625 613.536376953125 613.7877197265625 613.9974975585938 614.2944946289062 614.7644653320312 615.05810546875 615.0890502929688 614.9822998046875 614.831787109375 614.565673828125 614.5282592773438 614.6552734375 615.1258544921875 615.7063598632812 616.105712890625 616.5621948242188 616.7987060546875 617.0241088867188 617.3780517578125 617.9039306640625 618.169677734375 618.7613525390625 619.4218139648438 619.9376220703125
613.3739013671875 613.2673950195312 613.19921875 613.155029296875 613.1398315429688 613.1155395507812 613.0260620117188 612.8838500976562 612.78857421875 612.7271728515625 612.6783447265625 612.6605834960938 612.6371459960938 612.6200561523438 612.6111450195312 612.640380859375 612.7560424804688 612.843505859375 612.9107055664062 613.0359497070312 613.0460815429688 613.1848754882812 613.325439453125 613.556640625 613.7220458984375 614.284423828125 614.5219116210938 614.574462890625 614.50146484375 614.6921997070312 614.769287109375 614.9669799804688 615.3072509765625 615.6417236328125 615.838134765625 616.1792602539062 616.5746459960938 617.1341552734375 617.5614013671875 618.1126098632812 618.6036376953125 619.0197143554688 619.6661987304688 620.3204956054688 620.7893676757812
613.4406127929688 613.3121337890625 613.2469482421875 613.1845703125 613.184326171875 613.1429443359375 613.032470703125 612.9179077148438 612.819091796875 612.7335205078125 612.6743774414062 612.6197509765625 612.5714721679688 612.5570068359375 612.5313720703125 612.5755004882812 612.6676635742188 612.7357177734375 612.7681274414062 612.8529663085938 612.9393920898438 612.97265625 613.0106811523438 613.1107788085938 613.35888671875 613.7785034179688 614.01611328125 614.0858764648438 614.1220092773438 614.2454833984375 614.6412963867188 615.1862182617188 615.8262939453125 615.958251953125 616.027587890625 616.166748046875 616.7979736328125 617.346923828125 617.9158935546875 618.5272827148438 619.0365600585938 619.703369140625 620.342529296875 620.9061889648438 621.3693237304688
613.4537963867188 613.2828369140625 613.156494140625 613.1094360351562 613.1054077148438 613.0962524414062 613.018310546875 612.9193725585938 612.83056640625 612.73095703125 612.6336669921875 612.5753173828125 612.5427856445312 612.5363159179688 612.5714721679688 612.6065673828125 612.6534423828125 612.7034912109375 612.7366943359375 612.8048706054688 612.837890625 612.8212890625 612.760498046875 612.7230834960938 612.8994140625 613.3590698242188 613.4248657226562 613.5765380859375 613.708251953125 613.9002685546875 614.1334838867188 614.8035888671875 615.7968139648438 616.2229614257812 616.0970458984375 616.509765625 617.085693359375 617.5302734375 617.86328125 618.5255737304688 619.2440185546875 619.9592895507812 620.6142578125 621.1817626953125 621.5582275390625
613.4189453125 613.21142578125 613.0169677734375 612.9401245117188 612.9944458007812 613.0270385742188 613.005126953125 612.9088134765625 612.8016357421875 612.688720703125 612.569580078125 612.5228881835938 612.5195922851562 612.5794067382812 612.626953125 612.6784057617188 612.7042846679688 612.7111206054688 612.7363891601562 612.740234375 612.710205078125 612.6312866210938 612.5177001953125 612.2733154296875 612.328125 612.6420288085938 612.90673828125 612.969482421875 613.2593383789062 613.5386962890625 613.5357055664062 614.1475830078125 615.7780151367188 616.39111328125 616.403564453125 616.6751708984375 617.261962890625 617.4722900390625 617.708251953125 618.1852416992188 619.1396484375 619.8241577148438 620.4415283203125 621.1148071289062 621.4591674804688
613.383544921875 613.0479125976562 612.8427124023438 612.82421875 612.8135986328125 612.8782348632812 612.7974243164062 612.8108520507812 612.736572265625 612.6085205078125 612.4867553710938 612.4295043945312 612.4771728515625 612.55224609375 612.6327514648438 612.6627197265625 612.6922607421875 612.6644287109375 612.6401977539062 612.6168823242188 612.5977783203125 612.5289306640625 612.3357543945312 612.1461181640625 612.0568237304688 612.3955078125 612.5086669921875 612.7354736328125 612.998046875 613.3982543945312 613.5189208984375 614.0440673828125 615.3473510742188 616.4259643554688 616.7423095703125 617.0491333007812 617.2718505859375 617.6094360351562 617.5208129882812 618.1187133789062 619.1036987304688 619.7384033203125 620.4688720703125 621.076416015625 621.5323486328125
613.307373046875 612.88232421875 612.6822509765625 612.622314453125 612.48828125 612.4141235351562 612.4163818359375 612.5439453125 612.5771484375 612.4810791015625 612.3662719726562 612.3447875976562 612.358154296875 612.431396484375 612.4968872070312 612.545654296875 612.585693359375 612.5948486328125 612.5746459960938 612.622314453125 612.638427734375 612.4823608398438 612.132568359375 611.9863891601562 612.10498046875 612.3267211914062 612.6484375 612.6881713867188 612.8523559570312 613.08447265625 613.5149536132812 614.2240600585938 615.5751953125 616.6243896484375 616.9437255859375 617.0371704101562 617.3528442382812 617.5490112304688 617.7210693359375 618.2026977539062 619.1978759765625 619.8984985351562 620.4647216796875 620.91552734375 621.3926391601562
613.3866577148438 612.911865234375 612.5745849609375 612.249755859375 612.02392578125 611.8655395507812 611.9072875976562 612.1730346679688 612.3128051757812 612.3085327148438 612.23974609375 612.1973876953125 612.1943969726562 612.2239379882812 612.2841186523438 612.3563232421875 612.4425048828125 612.5133056640625 612.5745239257812 612.6315307617188 612.6461791992188 612.4182739257812 611.9714965820312 611.9850463867188 612.1090087890625 612.54296875 612.8806762695312 612.8641967773438 612.6715698242188 612.7435302734375 613.10595703125 613.9189453125 615.339111328125 616.2960205078125 616.6770629882812 616.9585571289062 617.270751953125 617.6531372070312 617.8778076171875 618.5184936523438 619.4703369140625 620.0634155273438 620.4198608398438 620.889892578125 621.1728515625
