1 Data/kings_canyon_input.asc
nrows 375
ncols 593
xllcorner     0
yllcorner     0
cellsize      0.00027777774952292554
NODATA_value  -3.4028234663852886e+38
[rows 140 to 159 of 375, columns 180 to 224 of 593]
610.8583374023438 611.3543090820312 611.6344604492188 611.5455322265625 610.9539184570312 610.5922241210938 610.356201171875 610.26611328125 610.3076171875 610.5629272460938 610.9674682617188 611.26904296875 611.4080200195312 611.584716796875 611.5071411132812 611.3178100585938 610.7695922851562 610.4380493164062 610.4421997070312 610.5953979492188 610.9907836914062 611.5125732421875 612.1878051757812 612.8058471679688 613.34716796875 613.7756958007812 614.3248901367188 615.2478637695312 616.4287109375 617.2383422851562 617.7518920898438 618.1766357421875 618.55908203125 619.251708984375 620.1311645507812 620.8622436523438 621.7662963867188 623.036865234375 623.9567260742188 625.0213623046875 626.2559204101562 627.2698974609375 628.066650390625 629.140380859375 629.7802734375
610.6411743164062 611.236328125 611.8063354492188 611.7587280273438 611.2656860351562 610.787353515625 610.6210327148438 610.4660034179688 610.4993286132812 610.7537231445312 611.1983642578125 611.555908203125 611.7290649414062 611.8441162109375 611.8223266601562 611.2487182617188 610.693359375 610.036376953125 609.9713745117188 610.179931640625 610.5928344726562 611.25634765625 612.0574340820312 613.0921020507812 613.8035278320312 614.4251098632812 614.875244140625 615.4085083007812 616.2242431640625 616.8263549804688 617.296875 617.9691772460938 618.5984497070312 619.4014892578125 620.528564453125 621.3629150390625 621.9959106445312 622.9718627929688 623.821044921875 625.2017822265625 626.6806640625 627.9052734375 629.0049438476562 629.8635864257812 630.782470703125
610.394775390625 611.0916748046875 611.535888671875 611.6779174804688 611.2855224609375 611.0166625976562 610.8553466796875 610.755615234375 610.7846069335938 610.93310546875 611.3644409179688 611.664306640625 611.8629150390625 611.93115234375 611.7303466796875 611.3943481445312 610.8341064453125 610.5009765625 610.3890991210938 610.4790649414062 610.7507934570312 611.2975463867188 612.2048950195312 613.1535034179688 613.8787231445312 614.5108642578125 614.9802856445312 615.2783813476562 615.6322631835938 616.1981201171875 616.8324584960938 617.8304443359375 618.631103515625 619.4834594726562 620.6632080078125 621.5440673828125 622.2489624023438 623.03662109375 623.9708862304688 625.2706909179688 627.1901245117188 628.552490234375 629.4949340820312 630.4757690429688 631.1810302734375
610.3403930664062 610.8573608398438 611.2361450195312 611.248291015625 611.128173828125 611.0697021484375 611.0991821289062 610.999755859375 610.9420166015625 611.0840454101562 611.3583984375 611.6543579101562 611.7659301757812 611.6572265625 611.56640625 611.5039672851562 611.263427734375 611.2071533203125 611.3757934570312 611.4189453125 611.6242065429688 612.01806640625 612.72412109375 613.2938842773438 613.7454833984375 614.303955078125 614.6456909179688 614.725830078125 614.951171875 615.4310913085938 616.1820678710938 617.3496704101562 618.35888671875 619.3200073242188 620.5418090820312 621.6531372070312 622.590087890625 623.539306640625 624.5828247070312 625.892333984375 627.8733520507812 629.2705688476562 630.1951293945312 631.343505859375 631.4483032226562
610.3119506835938 610.6741943359375 610.9334106445312 611.0747680664062 611.0579223632812 611.1782836914062 611.1602783203125 611.1307373046875 611.0950927734375 611.0869140625 611.3263549804688 611.5313110351562 611.5174560546875 611.2678833007812 611.3900756835938 611.6502685546875 611.7142944335938 611.8981323242188 611.9312744140625 611.9695434570312 612.1268920898438 612.3154907226562 613.00048828125 613.4599609375 613.7533569335938 614.1630859375 614.345703125 614.372314453125 614.2821044921875 614.5438232421875 615.6508178710938 617.0281982421875 618.2075805664062 619.197021484375 620.4376831054688 621.5931396484375 622.6107177734375 623.802734375 625.01708984375 626.3688354492188 628.4471435546875 629.6213989257812 630.5073852539062 631.7597045898438 632.1538696289062
610.3692016601562 610.6162109375 610.8187255859375 610.9369506835938 611.0677490234375 611.067138671875 611.0431518554688 611.1029663085938 611.1568603515625 611.2048950195312 611.376708984375 611.5377807617188 611.6608276367188 611.6017456054688 611.7289428710938 611.8904418945312 612.090576171875 612.2562255859375 612.2465209960938 612.1014404296875 612.2098388671875 612.5819702148438 613.437255859375 613.9815673828125 614.1854248046875 614.2821655273438 614.3911743164062 614.3574829101562 614.2890014648438 614.5979614257812 615.649169921875 617.1409301757812 618.269775390625 619.2348022460938 620.2728881835938 621.2981567382812 622.362548828125 623.6729736328125 624.9444580078125 626.3236083984375 628.1842651367188 629.6373291015625 631.1844482421875 632.7474365234375 632.213134765625
610.4443359375 610.6299438476562 610.718994140625 610.76513671875 610.8299560546875 610.8565063476562 610.9149169921875 611.0645141601562 611.2159423828125 611.395751953125 611.59130859375 611.8453369140625 612.1126098632812 612.1829833984375 612.11865234375 612.0670166015625 612.0718994140625 612.1720581054688 612.1851806640625 612.0859985351562 612.3297119140625 612.9271850585938 613.8765258789062 614.5228881835938 614.7613525390625 614.7799072265625 614.7633666992188 614.6235961914062 614.7037963867188 615.1807861328125 616.1494750976562 617.4900512695312 618.3368530273438 619.1162109375 620.0211181640625 620.8475341796875 621.8223266601562 623.1641235351562 624.5829467773438 625.8662719726562 626.2924194335938 629.9625244140625 631.9291381835938 632.0117797851562 632.08056640625
610.419189453125 610.5546875 610.6112670898438 610.63232421875 610.6685180664062 610.7062377929688 610.870361328125 611.0435791015625 611.2634887695312 611.4713745117188 611.654052734375 611.9365844726562 612.25048828125 612.3110961914062 612.149658203125 611.97509765625 611.8488159179688 611.83984375 611.8091430664062 612.1246948242188 612.4097290039062 613.007080078125 613.84326171875 614.6793823242188 614.9359741210938 614.9496459960938 614.8637084960938 614.7794799804688 615.0553588867188 615.4962768554688 616.3171997070312 617.6759643554688 618.5660400390625 619.228271484375 619.9349975585938 620.5244750976562 621.4357299804688 623.029541015625 624.5386962890625 626.1250610351562 627.1175537109375 629.0540771484375 631.0154418945312 632.0584106445312 632.0892333984375
610.3757934570312 610.4657592773438 610.52587890625 610.5703735351562 610.5845336914062 610.6491088867188 610.79345703125 611.04541015625 611.2597045898438 611.4113159179688 611.5755615234375 611.7562255859375 611.9066162109375 612.05517578125 611.9688720703125 611.7883911132812 611.6146240234375 611.4296264648438 611.5835571289062 612.2380981445312 612.6353759765625 612.9434204101562 613.6654052734375 614.3917846679688 614.7186279296875 614.6390380859375 614.4497680664062 614.5390014648438 615.1963500976562 615.8932495117188 616.6831665039062 617.8661499023438 618.6328125 619.3275146484375 620.0590209960938 620.5811767578125 621.3685302734375 622.8247680664062 624.9991455078125 626.6609497070312 628.9623413085938 630.017822265625 630.0880126953125 632.083251953125 637.0216674804688
610.2816772460938 610.3783569335938 610.4568481445312 610.5075073242188 610.533447265625 610.5955810546875 610.7620849609375 611.0120849609375 611.1397094726562 611.258056640625 611.359619140625 611.383056640625 611.4832763671875 611.7017211914062 611.6892700195312 611.5084838867188 611.2709350585938 611.1964111328125 611.5424194335938 612.212646484375 612.6136474609375 612.9313354492188 613.5458984375 614.1373291015625 614.2431640625 614.1453857421875 613.931640625 614.3453369140625 615.243896484375 616.1641845703125 616.9878540039062 618.048095703125 618.9277954101562 619.7427978515625 620.4116821289062 621.0614013671875 621.7637329101562 623.1570434570312 626.2196044921875 627.6104736328125 629.0087280273438 631.0164184570312 632.0322265625 635.0556030273438 642.01220703125
610.2183837890625 610.3239135742188 610.3850708007812 610.447998046875 610.4984741210938 610.5952758789062 610.759521484375 610.9806518554688 611.0916748046875 611.1116333007812 611.1431274414062 611.1454467773438 611.2052001953125 611.4781494140625 611.4844360351562 611.303955078125 611.1019897460938 611.0247802734375 611.4000244140625 612.1144409179688 612.712890625 613.015380859375 613.5367431640625 613.9241943359375 613.9212646484375 613.9606323242188 613.9105224609375 614.4285888671875 615.486083984375 616.4641723632812 617.2601318359375 618.321533203125 619.1700439453125 620.0458984375 620.9651489257812 621.6554565429688 622.4527587890625 623.2095336914062 625.7722778320312 627.0686645507812 629.0247192382812 632.013916015625 634.0217895507812 641.0154418945312 649.9869384765625
610.1539916992188 610.2796020507812 610.3549194335938 610.40771484375 610.4828491210938 610.581298828125 610.7417602539062 610.9210815429688 611.0053100585938 611.0188598632812 610.99755859375 611.003662109375 611.122314453125 611.3141479492188 611.3607177734375 611.2254638671875 611.048095703125 611.0820922851562 611.3901977539062 611.9810180664062 612.35498046875 612.7611083984375 613.28076171875 613.4888916015625 613.8125610351562 614.1758422851562 614.5269165039062 615.0213012695312 615.9678955078125 616.786865234375 617.5169067382812 618.59033203125 619.3865966796875 620.1990966796875 621.1588745117188 622.0814819335938 622.9534912109375 624.1114501953125 625.8682250976562 626.4097290039062 629.0291137695312 633.0156860351562 638.0169677734375 647.9976806640625 661.7484130859375
610.1175537109375 610.2335815429688 610.3131103515625 610.3809814453125 610.4465942382812 610.5305786132812 610.6531982421875 610.8290405273438 610.9100341796875 610.9208374023438 610.8901977539062 610.93212890625 611.0731201171875 611.308349609375 611.433837890625 611.35498046875 611.1812744140625 611.0534057617188 611.3722534179688 611.677734375 611.8236694335938 612.0824584960938 612.6060180664062 613.171142578125 613.7533569335938 614.3307495117188 614.955322265625 615.820068359375 616.6043701171875 617.19921875 617.7962036132812 618.8119506835938 619.4788208007812 620.2517700195312 621.3264770507812 622.239990234375 623.4115600585938 624.9594116210938 625.0838012695312 625.0980834960938 629.0285034179688 638.0078125 646.9942016601562 654.9730224609375 663.9711303710938
610.0643310546875 610.1581420898438 610.2395629882812 610.3094482421875 610.4074096679688 610.4818115234375 610.5882568359375 610.7313232421875 610.8080444335938 610.8211059570312 610.8192138671875 610.8517456054688 610.9999389648438 611.2382202148438 611.3930053710938 611.4182739257812 611.265625 611.2357788085938 611.3462524414062 611.5475463867188 611.4776000976562 611.7467651367188 612.204345703125 612.870849609375 613.5955810546875 614.5060424804688 615.4607543945312 616.2584228515625 616.99169921875 617.52099609375 618.1611938476562 619.015869140625 619.7387084960938 620.5137329101562 621.5350341796875 622.7490844726562 623.8676147460938 625.857421875 626.0557250976562 626.07861328125 631.0209350585938 643.986572265625 651.9880981445312 658.9783935546875 671.9125366210938
609.9331665039062 610.0174560546875 610.09765625 610.1971435546875 610.3054809570312 610.4107055664062 610.4898681640625 610.6002807617188 610.66259765625 610.7124633789062 610.7498168945312 610.8087768554688 610.9443359375 611.1599731445312 611.2879028320312 611.3323974609375 611.3281860351562 611.2987060546875 611.4631958007812 611.5821533203125 611.5787963867188 611.7027587890625 612.1900024414062 612.6083374023438 613.5187377929688 614.8557739257812 615.9976806640625 616.8005981445312 617.4951171875 617.92822265625 618.4730224609375 619.2724609375 620.0060424804688 621.020751953125 622.3988647460938 623.3460693359375 624.4531860351562 626.8248901367188 627.0275268554688 627.0724487304688 632.0333862304688 641.00390625 652.986328125 663.898193359375 674.8867797851562
609.719970703125 609.8010864257812 609.8876342773438 609.9946899414062 610.1336669921875 610.230224609375 610.3241577148438 610.4296264648438 610.5142822265625 610.5750732421875 610.6699829101562 610.7427978515625 610.8810424804688 611.0416259765625 611.1480102539062 611.1953735351562 611.2099609375 611.2833862304688 611.3961791992188 611.6070556640625 611.738525390625 612.0128173828125 612.2735595703125 612.7238159179688 613.5726318359375 615.0035400390625 616.2476196289062 617.0594482421875 617.83740234375 618.2991943359375 618.8530883789062 619.656982421875 620.4944458007812 621.7262573242188 623.2245483398438 624.1763305664062 625.1954956054688 626.047607421875 628.007568359375 629.0750122070312 632.0386352539062 641.0038452148438 649.9957885742188 661.9366455078125 675.8436279296875
609.5360107421875 609.59033203125 609.6632080078125 609.7787475585938 609.94189453125 610.0811767578125 610.1697387695312 610.2962036132812 610.3856201171875 610.483642578125 610.5813598632812 610.6907958984375 610.7850952148438 610.9415283203125 611.0244140625 611.0797119140625 611.135009765625 611.2146606445312 611.3765258789062 611.5203857421875 611.76025390625 611.9654541015625 612.2127685546875 612.5054931640625 613.5379028320312 615.1569213867188 616.4034423828125 617.1258544921875 618.0292358398438 618.69384765625 619.2681884765625 620.1261596679688 620.9686889648438 622.1953735351562 623.709228515625 624.9671020507812 625.6036376953125 626.153564453125 628.0534057617188 629.1293334960938 631.0545043945312 638.0220336914062 646.0277709960938 658.0039672851562 671.8902587890625
609.3146362304688 609.3529052734375 609.4127197265625 609.5220336914062 609.7086181640625 609.8628540039062 609.989013671875 610.1373901367188 610.2530517578125 610.3362426757812 610.4578857421875 610.5439453125 610.6467895507812 610.789306640625 610.880859375 610.951904296875 611.0338134765625 611.1326904296875 611.2160034179688 611.3418579101562 611.4308471679688 611.6846923828125 611.816650390625 612.1421508789062 613.1671752929688 615.185302734375 616.43994140625 617.2722778320312 618.1909790039062 618.972900390625 619.6956787109375 620.5009765625 621.460693359375 622.5350952148438 624.1079711914062 625.1729125976562 626.1279907226562 626.25048828125 629.9103393554688 631.9967651367188 634.02685546875 638.0538940429688 644.0401611328125 653.0756225585938 663.986572265625
609.0189819335938 609.0648803710938 609.1263427734375 609.2269287109375 609.3859252929688 609.5587158203125 609.7152099609375 609.9009399414062 610.0401611328125 610.1356201171875 610.2557373046875 610.34765625 610.4661254882812 610.6072387695312 610.703369140625 610.7886352539062 610.89599609375 610.9194946289062 610.9301147460938 610.9417114257812 611.0086669921875 611.3042602539062 611.4766235351562 611.8374633789062 612.9103393554688 614.8500366210938 616.3457641601562 617.2802124023438 618.4212036132812 619.3580932617188 620.1858520507812 621.0409545898438 622.0699462890625 622.9512329101562 624.3428955078125 625.48046875 626.3445434570312 627.9808959960938 629.9290771484375 632.9432373046875 634.0333862304688 638.0388793945312 642.0474853515625 646.2538452148438 654.1224975585938
608.8338623046875 608.863525390625 608.9405517578125 609.0202026367188 609.1858520507812 609.3336791992188 609.5057373046875 609.725830078125 609.8909912109375 609.9945678710938 610.13037109375 610.2425537109375 610.36962890625 610.5134887695312 610.618408203125 610.70947265625 610.7974853515625 610.8316040039062 610.7493896484375 610.6253051757812 610.6052856445312 610.86376953125 611.3701171875 611.9049682617188 612.9852294921875 614.6298217773438 615.9813232421875 617.0743408203125 618.3121337890625 619.4419555664062 620.3466796875 621.2976684570312 622.1575317382812 623.005859375 624.274169921875 625.2500610351562 626.4977416992188 628.0205688476562 629.076904296875 630.1317749023438 634.1067504882812 637.0911254882812 641.0723266601562 643.4568481445312 648.3480224609375
