1 Data/kings_canyon_input.asc
nrows 375
ncols 593
xllcorner     0
yllcorner     0
cellsize      0.00027777774952292554
NODATA_value  -3.4028234663852886e+38
[rows 220 to 239 of 375, columns 315 to 359 of 593]
693.1778564453125 695.1615600585938 698.13134765625 699.198974609375 704.3080444335938 708.3580932617188 710.2454833984375 711.9219360351562 714.0158081054688 717.8116455078125 722.3953857421875 724.6865844726562 726.0927734375 727.0880737304688 728.0631103515625 729.728515625 731.7048950195312 732.9033203125 736.1466064453125 740.0155029296875 742.4437255859375 743.70654296875 744.6754150390625 746.1422729492188 747.9248657226562 752.4564819335938 757.6121215820312 761.562255859375 763.759765625 765.8264770507812 767.0306396484375 767.5235595703125 767.6764526367188 767.62109375 767.0106811523438 766.65576171875 766.3631591796875 765.920166015625 765.5103149414062 764.591552734375 763.179443359375 762.304931640625 761.94287109375 761.2575073242188 759.61279296875
681.18505859375 684.1767578125 687.1968383789062 695.1455688476562 704.1275024414062 711.073486328125 713.1605834960938 713.4104614257812 716.2184448242188 718.2907104492188 723.141357421875 725.54443359375 726.7296752929688 727.5405883789062 728.0449829101562 729.7762451171875 731.4068603515625 734.0081787109375 738.8706665039062 742.1856689453125 744.2195434570312 745.7517700195312 746.9739379882812 748.5939331054688 751.4392700195312 755.9141845703125 760.0477294921875 763.3504638671875 765.3748168945312 767.2592163085938 767.8091430664062 767.9257202148438 768.0708618164062 767.9186401367188 767.7041625976562 767.3067016601562 766.9998779296875 766.505126953125 765.4249267578125 764.0509643554688 762.46923828125 761.4288330078125 761.043212890625 760.9984130859375 758.4839477539062
664.3187255859375 669.3004150390625 676.2688598632812 692.1185302734375 709.8921508789062 714.8865966796875 718.8448486328125 720.8187255859375 722.8328857421875 723.928955078125 724.8941040039062 726.7675170898438 727.4609375 727.7562866210938 728.220947265625 729.1531982421875 731.5166015625 735.8916015625 741.4058837890625 744.4397583007812 745.6677856445312 746.979736328125 748.525390625 750.3705444335938 753.510986328125 757.8378295898438 762.05078125 765.752197265625 767.3958129882812 768.3235473632812 768.2330932617188 768.1990966796875 768.0555419921875 768.268310546875 768.0151977539062 767.876220703125 767.375244140625 766.285400390625 765.09814453125 763.5610961914062 761.8546752929688 760.5431518554688 760.2301025390625 759.9166259765625 758.1578979492188
650.503662109375 656.4361572265625 668.3287353515625 692.0347900390625 708.8798217773438 718.7661743164062 722.708251953125 727.3934326171875 728.4332885742188 728.4515991210938 726.1818237304688 727.3571166992188 727.549560546875 727.5865478515625 728.515625 730.0010375976562 733.5803833007812 738.0106811523438 742.2847290039062 745.33154296875 745.8572387695312 746.6907348632812 748.1193237304688 749.27685546875 752.785400390625 757.5771484375 761.9409790039062 765.7557373046875 767.3161010742188 767.8087768554688 768.282958984375 768.3075561523438 768.3606567382812 768.2965087890625 768.023193359375 767.5944213867188 766.858154296875 765.3557739257812 764.1784057617188 762.894775390625 760.9775390625 759.4332885742188 758.9192504882812 758.883544921875 757.6270751953125
646.662353515625 650.8112182617188 668.410400390625 684.2061767578125 703.9210205078125 716.7965087890625 723.7267456054688 730.4364624023438 732.349609375 728.607177734375 727.3057250976562 728.3486938476562 728.3677978515625 727.8478393554688 728.59033203125 730.8154907226562 733.59033203125 737.5582275390625 740.15185546875 742.9257202148438 744.0826416015625 744.9404296875 745.6597290039062 746.8838500976562 750.5121459960938 755.23193359375 761.9899291992188 764.7657470703125 765.5805053710938 766.8743286132812 767.9671020507812 768.2824096679688 768.42236328125 768.291748046875 767.82958984375 766.9561157226562 765.7861328125 764.1360473632812 762.9547729492188 761.5748291015625 759.7056274414062 758.3192138671875 757.52587890625 756.8489379882812 756.0603637695312
647.6721801757812 655.514892578125 666.3639526367188 679.2615966796875 698.0476684570312 710.9069213867188 721.7785034179688 727.6326904296875 729.5865478515625 727.7039184570312 725.5829467773438 724.8682250976562 726.6421508789062 727.7163696289062 729.3673095703125 730.1351318359375 732.0003662109375 734.4749145507812 737.091064453125 740.1416625976562 742.3952026367188 742.6375732421875 743.2401123046875 743.5962524414062 745.6760864257812 751.35205078125 758.122314453125 762.4901733398438 764.7149658203125 766.3922119140625 767.6019287109375 768.1845703125 768.6032104492188 768.3318481445312 767.4984741210938 766.4302978515625 765.0089111328125 763.1065063476562 761.6480102539062 760.4354858398438 758.7916259765625 757.6605224609375 756.87890625 755.9940795898438 755.0425415039062
648.513671875 659.2296142578125 663.3410034179688 675.3663940429688 692.1573486328125 704.983154296875 717.7267456054688 722.6632080078125 722.847900390625 719.0770874023438 717.5050659179688 718.4755249023438 722.022705078125 727.0130615234375 729.780029296875 730.1148681640625 729.8536376953125 730.0413818359375 733.1077270507812 737.7656860351562 739.177490234375 739.2501220703125 740.40380859375 740.8807983398438 742.2340087890625 746.7412109375 752.0452270507812 760.79443359375 763.7772216796875 765.9180297851562 766.9603271484375 767.810791015625 768.3370361328125 767.9296875 766.7975463867188 765.6729125976562 764.2429809570312 762.2701416015625 760.6300048828125 759.4580078125 758.2621459960938 757.3956298828125 756.5142822265625 755.7021484375 754.8400268554688
644.8812255859375 654.3939208984375 659.5665893554688 663.7762451171875 675.6947631835938 694.1804809570312 708.751953125 718.5685424804688 717.755615234375 712.0967407226562 709.5530395507812 710.7036743164062 716.2847290039062 721.9291381835938 727.7611083984375 728.8836059570312 726.0938110351562 725.3447265625 727.744140625 731.8956909179688 735.5316162109375 734.3486938476562 736.3184814453125 739.2208251953125 741.4780883789062 745.7838134765625 753.03955078125 759.334228515625 763.1942138671875 764.6156616210938 765.9255981445312 767.0521240234375 767.5057373046875 767.12646484375 765.8848266601562 764.7207641601562 763.3250122070312 761.2374267578125 759.8514404296875 758.87060546875 757.8212280273438 757.14501953125 756.5460205078125 755.6317138671875 754.7434692382812
641.2495727539062 648.1742553710938 650.2490234375 656.1681518554688 664.0223999023438 676.7173461914062 692.3099365234375 706.8692016601562 707.0586547851562 705.2409057617188 702.7053833007812 707.4650268554688 712.271728515625 718.0943603515625 725.135009765625 725.2944946289062 723.2080078125 723.0408935546875 723.4937133789062 725.6884765625 728.3863525390625 730.4547729492188 732.5604248046875 737.2695922851562 742.102783203125 747.2518310546875 753.7217407226562 759.1433715820312 762.2094116210938 763.3372192382812 765.1422119140625 766.258056640625 766.703369140625 766.1583862304688 764.9104614257812 763.779296875 762.0469360351562 760.3292236328125 759.0347290039062 758.2230834960938 757.4415893554688 757.04638671875 756.33837890625 755.6395874023438 754.7528076171875
646.719970703125 641.7992553710938 645.5923461914062 651.4714965820312 656.2891235351562 661.26171875 673.0249633789062 683.1766967773438 689.590576171875 690.7523803710938 696.5698852539062 700.916015625 704.8878784179688 711.6806030273438 719.6385498046875 721.4581909179688 720.8276977539062 721.77734375 721.8057861328125 721.1798095703125 723.0255737304688 725.8949584960938 730.6318359375 734.5132446289062 741.1343383789062 748.0050659179688 753.687255859375 759.7503662109375 762.6343994140625 763.2217407226562 764.1859130859375 765.1199340820312 765.3916625976562 765.0413208007812 764.2456665039062 762.9572143554688 761.3509521484375 759.2265014648438 758.00537109375 757.2761840820312 756.8359375 756.3894653320312 755.997314453125 755.53515625 754.7846069335938
663.8070678710938 654.1624145507812 653.1718139648438 651.2842407226562 646.91357421875 649.928466796875 658.7794799804688 668.9861450195312 675.6439208984375 682.5833129882812 692.5067138671875 694.3003540039062 697.699951171875 704.9837036132812 713.0193481445312 715.865478515625 716.2255859375 718.599853515625 719.2215576171875 719.0009155273438 720.1918334960938 723.8639526367188 728.46533203125 735.1666870117188 741.0633544921875 750.67236328125 756.44873046875 761.03173828125 761.5660400390625 761.9646606445312 762.948486328125 763.6292724609375 764.0037231445312 763.8395385742188 763.3367309570312 762.42724609375 760.2318725585938 758.1189575195312 756.7129516601562 755.988525390625 755.643798828125 755.5932006835938 755.50439453125 755.3471069335938 755.0405883789062
687.0595092773438 680.4088745117188 670.7214965820312 664.921875 655.5419921875 650.970703125 657.8762817382812 665.8760986328125 670.9733276367188 681.7088012695312 691.3295288085938 693.43017578125 695.1199340820312 699.6848754882812 706.6640014648438 709.6549682617188 712.6943359375 715.4568481445312 717.2261962890625 717.2107543945312 719.2813110351562 722.0426635742188 728.2872924804688 735.97509765625 743.7125854492188 750.5895385742188 756.2427368164062 759.0692138671875 760.5028686523438 761.5298461914062 761.7416381835938 762.3392333984375 762.3826904296875 761.7653198242188 761.2808227539062 759.8098754882812 758.68310546875 756.5321655273438 755.4641723632812 755.0606689453125 754.7898559570312 754.7208862304688 754.9553833007812 755.0863037109375 754.9990234375
710.5435791015625 701.8162231445312 694.1787719726562 689.32861328125 677.9130859375 672.3070068359375 674.7698364257812 688.8316650390625 702.049072265625 700.3043823242188 700.3462524414062 698.667724609375 697.72021484375 699.7982177734375 702.5878295898438 705.5896606445312 709.7333374023438 713.3089599609375 715.9131469726562 717.664794921875 719.155517578125 722.521484375 727.2989501953125 734.953125 742.6384887695312 748.5955200195312 752.5811767578125 756.3369750976562 757.3677368164062 758.7131958007812 760.5491333007812 760.5814819335938 760.5139770507812 760.1231689453125 759.2254638671875 758.2822875976562 756.8081665039062 755.8411254882812 755.0748291015625 754.6459350585938 754.1193237304688 754.08544921875 754.219970703125 754.30810546875 754.1229858398438
718.5648193359375 717.4176635742188 715.3878784179688 711.690185546875 708.7420654296875 700.2525634765625 700.3469848632812 712.6856079101562 710.1520385742188 708.2328491210938 709.8699340820312 705.564208984375 703.53955078125 704.3698120117188 706.6577758789062 709.1272583007812 712.1254272460938 714.6423950195312 717.0723876953125 718.9349365234375 721.008544921875 723.398193359375 726.371826171875 732.1336669921875 741.2672729492188 746.422607421875 749.5326538085938 751.6347045898438 753.0673828125 755.1644287109375 757.9136962890625 758.5367431640625 758.7526245117188 758.3385620117188 757.9553833007812 757.22119140625 756.837646484375 755.4251708984375 754.7842407226562 754.1699829101562 753.55908203125 753.1991577148438 753.1767578125 753.037353515625 752.7694091796875
712.7809448242188 716.6864624023438 716.7918090820312 720.7105712890625 722.5897827148438 719.7781982421875 718.8069458007812 719.619873046875 718.6141357421875 716.7139282226562 716.0530395507812 711.9346923828125 707.3151245117188 706.8658447265625 707.970458984375 710.3591918945312 712.4197387695312 714.5735473632812 716.5693969726562 718.5763549804688 720.9579467773438 722.5709838867188 724.4288330078125 728.4135131835938 735.7693481445312 742.6370849609375 745.6368408203125 748.548583984375 750.1046752929688 752.7974243164062 755.8236694335938 756.0877685546875 756.1723022460938 756.3566284179688 756.1356811523438 755.9669799804688 755.3872680664062 754.571044921875 753.9544067382812 753.2968139648438 752.3651733398438 751.8692016601562 751.6001586914062 751.4647216796875 751.1397705078125
702.1588134765625 711.0370483398438 714.0320434570312 721.6487426757812 726.4697875976562 725.618896484375 723.7106323242188 722.4255981445312 721.3687133789062 719.7949829101562 718.2889404296875 715.8019409179688 711.3255615234375 710.3761596679688 710.3416137695312 711.3512573242188 712.5047607421875 713.6848754882812 715.3910522460938 717.394775390625 719.1595458984375 720.6280517578125 721.6028442382812 724.5109252929688 729.3035888671875 735.271728515625 739.28564453125 743.883056640625 747.6282348632812 749.67333984375 751.4400024414062 752.3184814453125 752.7105102539062 752.9025268554688 753.1521606445312 753.1097412109375 752.8186645507812 752.4714965820312 752.0029907226562 751.104248046875 749.876708984375 749.2238159179688 748.9053344726562 748.7496337890625 748.44775390625
701.2262573242188 706.3531494140625 711.3509521484375 716.1478881835938 721.6670532226562 726.1099243164062 725.9929809570312 723.6107788085938 722.4649658203125 720.8604125976562 720.4530029296875 718.8970947265625 718.4810791015625 716.2086181640625 713.590087890625 713.2064208984375 713.0310668945312 713.000244140625 713.6639404296875 715.3402099609375 716.4037475585938 717.1460571289062 718.1150512695312 719.4464111328125 723.3358154296875 728.3241577148438 732.3499145507812 736.7843017578125 740.6840209960938 742.8684692382812 745.8419189453125 747.0100708007812 747.7507934570312 748.2936401367188 748.6520385742188 749.0077514648438 749.0570068359375 748.8569946289062 748.4793090820312 747.509033203125 746.09716796875 745.1491088867188 744.5890502929688 744.395751953125 744.5802612304688
709.067626953125 709.2796630859375 711.3859252929688 714.5690307617188 722.6347045898438 725.2290649414062 725.4874877929688 724.1123657226562 722.3615112304688 721.7269287109375 721.524658203125 721.7120361328125 721.7657470703125 718.5032958984375 716.6646728515625 714.5822143554688 713.5147705078125 712.5428466796875 712.7623291015625 714.3560791015625 715.1429443359375 715.3480224609375 715.1307373046875 716.1571655273438 718.6016845703125 723.1232299804688 725.6513061523438 730.7466430664062 735.2996826171875 738.1724853515625 741.1913452148438 742.5336303710938 743.5223999023438 744.4237060546875 744.6199340820312 745.07177734375 745.2997436523438 745.9216918945312 745.66015625 744.6741943359375 743.8057250976562 742.5972900390625 741.8247680664062 741.9210815429688 742.2445068359375
719.8082275390625 717.939208984375 719.9321899414062 721.8914794921875 724.4864501953125 725.5572509765625 724.9722290039062 723.6204833984375 723.1917114257812 723.4691162109375 723.90576171875 723.70654296875 721.8970947265625 719.04248046875 716.6907958984375 714.7070922851562 713.1057739257812 712.6323852539062 713.2288818359375 714.8389282226562 715.63232421875 715.9260864257812 714.8566284179688 716.3743286132812 717.9718017578125 719.4804077148438 720.8724365234375 725.0660400390625 728.9111938476562 732.754150390625 736.3132934570312 738.0634765625 739.2395629882812 739.7205810546875 739.683837890625 739.5999755859375 740.7576904296875 742.3805541992188 742.8208618164062 742.5377807617188 742.1097412109375 741.5051879882812 741.3828735351562 741.8973388671875 742.6305541992188
721.728271484375 727.1455688476562 725.5391845703125 726.4953002929688 727.3390502929688 728.0419921875 725.8618774414062 724.43408203125 724.7064819335938 726.6732788085938 727.1155395507812 724.9920654296875 720.9885864257812 716.7009887695312 713.2283325195312 711.3814697265625 710.3831787109375 711.0961303710938 713.4685668945312 716.0130004882812 717.2258911132812 717.4100341796875 717.5740966796875 719.8403930664062 719.7266235351562 719.4322509765625 719.4994506835938 721.6351928710938 724.8925170898438 727.06689453125 729.8916015625 732.1309204101562 733.0355834960938 733.2435913085938 733.1514282226562 733.8562622070312 735.5177001953125 737.9561157226562 739.7337646484375 740.910400390625 741.2557373046875 741.776123046875 742.760498046875 743.81982421875 744.8654174804688
